 ///                                               
 Z=    55.000000000000000                          
 V0=     7.885000000000000                         
 A=     0.010000000000000                          
 IPOT=  2                                          
     -0.031598120857137                            
     -0.020210149227047                            
     -0.014020822360925                            
     -0.010291126596872                            
     -0.007872542035688                            
     -0.006215841381159                            
     -0.005031781625076                            
     -0.004156349536888                            
     -0.003490939489030                            
     -0.002973386965146                            
     -0.002562929836069                            
     -0.002231940318651                            
     -0.001961156152334                            
     -0.001736815719315                            
     -0.001548875577896                            
     -0.001389867120231                            
     -0.001254143291268                            
     -0.001137370394205                            
     -0.001036177919428                            
     -0.000947912640571                            
     -0.000870462950521                            
     -0.000802131410925                            
     -0.000741540965067                            
     -0.000687565023434                            
     -0.000639274721894                            
     -0.000595898696021                            
     -0.000556792088729                            
     -0.000521412446226                            
     -0.000489300806630                            
     -0.000460066741072                            
     -0.000433376430686                            
     -0.000408943095212                            
     -0.000386519257729                            
     -0.000365890453714                            
     -0.000346870084257                            
     -0.000329295181651                            
     -0.000313022907083                            
