 ///                                               
 Z=    55.000000000000000                          
 V0=     7.885000000000000                         
 A=     0.010000000000000                          
 IPOT=  2                                          
    -19.475920094562085                            
     -3.326187540090759                            
     -0.077593946915001                            
     -0.040311654066213                            
     -0.024471888981030                            
     -0.016410293256840                            
     -0.011762513546739                            
     -0.008842068597905                            
     -0.006888187497619                            
     -0.005517039895345                            
     -0.004517992834112                            
     -0.003767644270469                            
     -0.003189808565811                            
     -0.002735386788743                            
     -0.002371581462075                            
     -0.002075808154649                            
     -0.001832103848786                            
     -0.001628926958698                            
     -0.001457765198133                            
     -0.001312229234735                            
     -0.001187447630871                            
     -0.001079653817441                            
     -0.000985898477644                            
     -0.000903845637095                            
     -0.000831625733222                            
     -0.000767728167970                            
     -0.000710921667816                            
     -0.000660194520444                            
     -0.000614709214287                            
     -0.000573767646379                            
     -0.000536784175354                            
     -0.000503264561169                            
     -0.000472789366432                            
     -0.000445000770924                            
     -0.000419592020128                            
     -0.000396298923147                            
     -0.000374892957393                            
     -0.000355175642160                            
     -0.000336973921066                            
     -0.000320136351803                            
