 ///                                               
 Z=    55.000000000000000                          
 V0=     7.885000000000000                         
 A=     0.010000000000000                          
 IPOT=  2                                          
  -1341.729073657852268                            
   -229.331733526822319                            
    -49.117784524201781                            
     -7.527909472239082                            
     -0.973284797662228                            
     -0.143322418592648                            
     -0.058690507120579                            
     -0.032324296931088                            
     -0.020497155544697                            
     -0.014160779220766                            
     -0.010369450906093                            
     -0.007920776589211                            
     -0.006247686960449                            
     -0.005053940819049                            
     -0.004172411855180                            
     -0.003502968409472                            
     -0.002982638034662                            
     -0.002570203315311                            
     -0.002237766347418                            
     -0.001965897541937                            
     -0.001740727760722                            
     -0.001552142264811                            
     -0.001392623860955                            
     -0.001256491585368                            
     -0.001139387571753                            
     -0.001037923757369                            
     -0.000949433952643                            
     -0.000871796831705                            
     -0.000803307569971                            
     -0.000742583427327                            
     -0.000688493391459                            
     -0.000640105120640                            
     -0.000596644489913                            
     -0.000557464431543                            
     -0.000522020706995                            
     -0.000489852902577                            
     -0.000460569400119                            
     -0.000433835400082                            
     -0.000409363308595                            
     -0.000386904969830                            
     -0.000366245349697                            
     -0.000347197369012                            
     -0.000329597653138                            
     -0.000313303016914                            
 ///                                               
 Z=    55.000000000000000                          
 V0=     7.885000000000000                         
 A=     0.010000000000000                          
 IPOT=  2                                          
 ///                                               
 Z=    55.000000000000000                          
 V0=     7.885000000000000                         
 A=     0.010000000000000                          
 IPOT=  2                                          
 ///                                               
 Z=    55.000000000000000                          
 V0=     7.885000000000000                         
 A=     0.010000000000000                          
 IPOT=  2                                          
  -1341.729084260102809                            
   -229.332249009435969                            
    -49.125236336141946                            
     -7.626216989057435                            
     -1.712619084597693                            
     -0.350264903838884                            
     -0.096743721854468                            
     -0.045030369925489                            
     -0.026301947981325                            
     -0.017308842775380                            
     -0.012271433181554                            
     -0.009159031225030                            
     -0.007099384503851                            
     -0.005665039445078                            
     -0.004625839155011                            
     -0.003848721679821                            
     -0.003252335654891                            
     -0.002784643060035                            
     -0.002411087387705                            
     -0.002107986157895                            
     -0.001858666073875                            
     -0.001651111874770                            
     -0.001476486928021                            
     -0.001328174610325                            
     -0.001201140920778                            
     -0.001091500890610                            
     -0.000996217555378                            
     -0.000912889100118                            
     -0.000839595842436                            
     -0.000774788568104                            
     -0.000717205920455                            
     -0.000665812512910                            
     -0.000619752028543                            
     -0.000578311297195                            
     -0.000540892508516                            
     -0.000506991520918                            
     -0.000476180784392                            
     -0.000448095788668                            
     -0.000422424228758                            
     -0.000398897282478                            
     -0.000377282542196                            
     -0.000357378251683                            
     -0.000339008579769                            
     -0.000322019722943                            
     -0.000306276674832                            
     -0.000291660535201                            
     -0.000278066257944                            
     -0.000265400758118                            
     -0.000253581313951                            
     -0.000242534212532                            
 ///                                               
 Z=    55.000000000000000                          
 V0=     7.885000000000000                         
 A=     0.010000000000000                          
 IPOT=  2                                          
 **********************                            
 **********************                            
 **********************                            
 **********************                            
 **********************                            
 **********************                            
 **********************                            
 **********************                            
 **********************                            
 **********************                            
 **********************                            
 **********************                            
 **********************                            
 **********************                            
 **********************                            
 -97770.813007486460265                            
 -65677.649559792611399                            
 -42961.957117772093625                            
 -27259.581159958972421                            
 -16699.929297542559652                            
  -9823.624802131700562                            
  -5512.194510604276729                            
  -2927.079545263877208                            
  -1456.783338108752105                            
   -671.091264695046107                            
   -281.069622835723635                            
   -103.928278123989216                            
    -32.288320700651759                            
     -8.008947936925274                            
     -1.704304313238333                            
     -0.281966987699160                            
     -0.084241132635339                            
     -0.040992164005876                            
     -0.024485470379103                            
     -0.016332873269479                            
     -0.011685743275835                            
     -0.008779756336270                            
     -0.006839657373020                            
     -0.005479375977444                            
     -0.004488519127475                            
     -0.003744301330350                            
     -0.003171083212654                            
     -0.002720177565255                            
     -0.002359083185457                            
     -0.002065426496814                            
     -0.001823394938460                            
     -0.001621555196165                            
     -0.001451473751936                            
     -0.001306819256289                            
     -0.001182763463086                            
     -0.001075572350340                            
     -0.000982321400309                            
     -0.000900693733978                            
     -0.000828834636908                            
     -0.000765245166331                            
     -0.000708703277157                            
     -0.000658204624228                            
     -0.000612917623127                            
     -0.000572148973750                            
     -0.000535316953360                            
     -0.000501930539684                            
     -0.000471572953464                            
     -0.000443888583005                            
     -0.000418572518491                            
     -0.000395362117910                            
     -0.000374030165322                            
     -0.000354379287392                            
     -0.000336237370327                            
     -0.000319453777474                            
     -0.000303896211578                            
     -0.000289448099181                            
     -0.000276006400105                            
     -0.000263479764944                            
     -0.000251786978652                            
     -0.000240855640679                            
     -0.000230621041351                            
     -0.000212016051451                            
 ///                                               
 Z=    55.000000000000000                          
 V0=     7.885000000000000                         
 A=     0.010000000000000                          
 IPOT=  2                                          
 **********************                            
 **********************                            
 **********************                            
 **********************                            
 **********************                            
 **********************                            
 **********************                            
 **********************                            
 **********************                            
 **********************                            
 **********************                            
 **********************                            
 **********************                            
 **********************                            
 **********************                            
 -97775.586457029552548                            
 -65681.062495534206391                            
 -42964.356216771884647                            
 -27261.216894173354376                            
 -16701.011801792286860                            
  -9824.315409994611400                            
  -5512.617660443579553                            
  -2927.326452850452370                            
  -1456.919257498175284                            
   -671.161125999789533                            
   -281.102713782084550                            
   -103.942435309196597                            
    -32.293562055095784                            
     -8.010472048125786                            
     -1.704659961238838                            
     -0.282025097513313                            
     -0.084250600115736                            
     -0.040995246779606                            
     -0.024486868767131                            
     -0.016333629164571                            
     -0.011686198946548                            
     -0.008780052446147                            
     -0.006839860713626                            
     -0.005479521663766                            
     -0.004488627083142                            
     -0.003744383552412                            
     -0.003171147279195                            
     -0.002720228455430                            
     -0.002359124280748                            
     -0.002065460159250                            
     -0.001823422858516                            
     -0.001621578609577                            
     -0.001451493579005                            
     -0.001306836193818                            
     -0.001182778046491                            
     -0.001075584996523                            
     -0.000982332437801                            
     -0.000900703424503                            
     -0.000828843191048                            
     -0.000765252755067                            
     -0.000708710040479                            
     -0.000658210677642                            
     -0.000612923062619                            
     -0.000572153879615                            
     -0.000535321393181                            
     -0.000501934570675                            
     -0.000471576624322                            
     -0.000443891935384                            
     -0.000418575588195                            
     -0.000395364935849                            
     -0.000374032758291                            
     -0.000354381678718                            
     -0.000336239580387                            
     -0.000319455824136                            
     -0.000303898110561                            
     -0.000289449864358                            
     -0.000276008043758                            
     -0.000263481297978                            
     -0.000251788410775                            
     -0.000240856980556                            
     -0.000230622296738                            
     -0.000212017158027                            
 ///                                               
 Z=    55.000000000000000                          
 V0=     7.885000000000000                         
 A=     0.010000000000000                          
 IPOT=  2                                          
     -0.082504526315782                            
     -0.043200209608320                            
     -0.026114950100040                            
     -0.017391590677802                            
     -0.012385024857971                            
     -0.009258446933421                            
     -0.007179177870620                            
     -0.005727878685347                            
     -0.004675399727545                            
     -0.003888145978693                            
     -0.003284040537927                            
     -0.002810430781663                            
     -0.002432294192211                            
     -0.002125607100724                            
     -0.001873448566868                            
     -0.001663623164061                            
     -0.001487162229130                            
     -0.001337351460407                            
     -0.001209083841496                            
     -0.001098419246296                            
     -0.001002278609811                            
     -0.000918227661106                            
     -0.000844321457120                            
     -0.000778990945383                            
     -0.000720959054840                            
     -0.000669177851804                            
     -0.000622780924181                            
     -0.000581046921118                            
     -0.000543371358389                            
     -0.000509244615093                            
     -0.000478234615398                            
     -0.000449973089626                            
     -0.000424144593360                            
     -0.000400477669109                            
     -0.000378737686643                            
     -0.000358721006560                            
     -0.000340250195263                            
     -0.000323170079960                            
     -0.000307344479623                            
     -0.000292653482539                            
     -0.000278991168659                            
     -0.000266263695297                            
     -0.000254387681550                            
     -0.000243288839286                            
 ///                                               
 Z=    55.000000000000000                          
 V0=     7.885000000000000                         
 A=     0.010000000000000                          
 IPOT=  2                                          
  -1341.729084245326248                            
   -229.332249007798282                            
    -49.125236335771241                            
     -7.626216988983824                            
     -1.712619084590739                            
     -0.350264903836243                            
     -0.096743721854037                            
     -0.045030369925357                            
     -0.026301947981267                            
     -0.017308842775349                            
     -0.012271433181536                            
     -0.009159031225018                            
     -0.007099384503843                            
     -0.005665039445073                            
     -0.004625839155007                            
     -0.003848721679817                            
     -0.003252335654888                            
     -0.002784643060033                            
     -0.002411087387703                            
     -0.002107986157894                            
     -0.001858666073874                            
     -0.001651111874770                            
     -0.001476486928020                            
     -0.001328174610325                            
     -0.001201140920777                            
     -0.001091500890609                            
     -0.000996217555378                            
     -0.000912889100118                            
     -0.000839595842435                            
     -0.000774788568104                            
     -0.000717205920454                            
     -0.000665812512909                            
     -0.000619752028543                            
     -0.000578311297194                            
     -0.000540892508515                            
     -0.000506991520918                            
     -0.000476180784392                            
     -0.000448095788668                            
     -0.000422424228758                            
     -0.000398897282478                            
     -0.000377282542196                            
     -0.000357378251683                            
     -0.000339008579769                            
     -0.000322019722943                            
     -0.000306276674832                            
     -0.000291660535201                            
     -0.000278066257944                            
     -0.000265400758118                            
     -0.000253581313950                            
     -0.000242534212532                            
     -0.000232193597573                            
     -0.000213401922446                            
 ///                                               
 Z=    55.000000000000000                          
 V0=    15.644000000000000                         
 A=     0.010000000000000                          
 IPOT=  2                                          
 ///                                               
 Z=    55.000000000000000                          
 V0=    15.644000000000000                         
 A=     0.010000000000000                          
 IPOT=  2                                          
 ///                                               
 Z=    55.000000000000000                          
 V0=    15.644000000000000                         
 A=     0.010000000000000                          
 IPOT=  2                                          
 ///                                               
 Z=    55.000000000000000                          
 V0=    15.644000000000000                         
 A=     0.010000000000000                          
 IPOT=  2                                          
 ///                                               
 Z=    55.000000000000000                          
 V0=    15.644000000000000                         
 A=     0.010000000000000                          
 IPOT=  2                                          
 ///                                               
 Z=    55.000000000000000                          
 V0=    15.644000000000000                         
 A=     0.010000000000000                          
 IPOT=  2                                          
 ///                                               
 Z=    55.000000000000000                          
 V0=    15.644000000000000                         
 A=     0.010000000000000                          
 IPOT=  2                                          
 ///                                               
 Z=    55.000000000000000                          
 V0=    15.644000000000000                         
 A=     0.010000000000000                          
 IPOT=  2                                          
 ///                                               
 Z=    55.000000000000000                          
 V0=    15.644000000000000                         
 A=     0.010000000000000                          
 IPOT=  2                                          
 ///                                               
 Z=    55.000000000000000                          
 V0=    15.644000000000000                         
 A=     0.010000000000000                          
 IPOT=  2                                          
 ///                                               
 Z=    55.000000000000000                          
 V0=    15.644000000000000                         
 A=     0.010000000000000                          
 IPOT=  2                                          
 ///                                               
 Z=    55.000000000000000                          
 V0=    15.644000000000000                         
 A=     0.010000000000000                          
 IPOT=  2                                          
 ///                                               
 Z=    55.000000000000000                          
 V0=    15.644000000000000                         
 A=     0.010000000000000                          
 IPOT=  2                                          
 ///                                               
 Z=    55.000000000000000                          
 V0=    15.644000000000000                         
 A=     0.010000000000000                          
 IPOT=  2                                          
 ///                                               
 Z=    55.000000000000000                          
 V0=    15.644000000000000                         
 A=     0.010000000000000                          
 IPOT=  2                                          
 ///                                               
 Z=    55.000000000000000                          
 V0=    15.644000000000000                         
 A=     0.010000000000000                          
 IPOT=  2                                          
 ///                                               
 Z=    55.000000000000000                          
 V0=    15.644000000000000                         
 A=     0.010000000000000                          
 IPOT=  2                                          
 ///                                               
 Z=    55.000000000000000                          
 V0=    15.644000000000000                         
 A=     0.010000000000000                          
 IPOT=  2                                          
 ///                                               
 Z=    55.000000000000000                          
 V0=    15.644000000000000                         
 A=     0.010000000000000                          
 IPOT=  2                                          
 ///                                               
 Z=    55.000000000000000                          
 V0=    15.644000000000000                         
 A=     0.010000000000000                          
 IPOT=  2                                          
 ///                                               
 Z=    55.000000000000000                          
 V0=    15.644000000000000                         
 A=     0.010000000000000                          
 IPOT=  2                                          
 ///                                               
 Z=    55.000000000000000                          
 V0=    15.644000000000000                         
 A=     0.010000000000000                          
 IPOT=  2                                          
 ///                                               
 Z=    55.000000000000000                          
 V0=    15.644000000000000                         
 A=     0.010000000000000                          
 IPOT=  2                                          
 ///                                               
 Z=    55.000000000000000                          
 V0=    15.644000000000000                         
 A=     0.010000000000000                          
 IPOT=  2                                          
 ///                                               
 Z=    55.000000000000000                          
 V0=    15.644000000000000                         
 A=     0.010000000000000                          
 IPOT=  2                                          
 ///                                               
 Z=    55.000000000000000                          
 V0=    15.644000000000000                         
 A=     0.010000000000000                          
 IPOT=  2                                          
 ///                                               
 Z=    55.000000000000000                          
 V0=    15.644000000000000                         
 A=     0.010000000000000                          
 IPOT=  2                                          
 ///                                               
 Z=    55.000000000000000                          
 V0=    15.644000000000000                         
 A=     0.010000000000000                          
 IPOT=  2                                          
  -1341.729311679004240                            
   -229.338095443993438                            
    -49.190609642866605                            
     -8.678207830152552                            
     -7.532711225252155                            
     -3.940608260404977                            
     -1.713888657757688                            
     -0.611950988505714                            
     -0.203165330970546                            
     -0.077838697838791                            
     -0.038371426751688                            
     -0.022872908113555                            
     -0.015289226071871                            
     -0.010984725879819                            
     -0.008291359671421                            
     -0.006487931649376                            
     -0.005218644765924                            
     -0.004290359539977                            
     -0.003590422643961                            
     -0.003049344071956                            
     -0.002622290059589                            
     -0.002279246789217                            
     -0.001999490157635                            
     -0.001768328384123                            
     -0.001575106593751                            
     -0.001411942745251                            
     -0.001272903233955                            
     -0.001153451377328                            
     -0.001050070062720                            
     -0.000959998333507                            
     -0.000881044176500                            
     -0.000811449291709                            
     -0.000749789963045                            
     -0.000694903411257                            
     -0.000645832402521                            
     -0.000601783114276                            
     -0.000562092750159                            
     -0.000526204406633                            
     -0.000493647392480                            
     -0.000464021689043                            
     -0.000436985584093                            
     -0.000412245759592                            
     -0.000389549291631                            
     -0.000368677152479                            
     -0.000349438900485                            
     -0.000331668316090                            
     -0.000315219795927                            
     -0.000299965358178                            
     -0.000285792143489                            
     -0.000272600319923                            
     -0.000260301318922                            
     -0.000248816343861                            
     -0.000238075104035                            
     -0.000228014736001                            
     -0.000218578881221                            
     -0.000209716894632                            
     -0.000201383163346                            
     -0.000193536518282                            
     -0.000186139724539                            
     -0.000179159038677                            
     -0.000172563823055                            
     -0.000160420801710                            
     -0.000154824421530                            
