///                                               
 Z=    55.000000000000000                          
 V0=     7.885000000000000                         
 A=     0.010000000000000                          
 IPOT=  2                                          
   -192.963330929136418                            
    -32.082425652878790                            
     -4.422640366224696                            
     -0.607757066745262                            
     -0.090985621125916                            
     -0.043538886553594                            
     -0.025781574633752                            
     -0.017078089170452                            
     -0.012151062654319                            
     -0.009088714620161                            
     -0.007054801031464                            
     -0.005634984035038                            
     -0.004604596874931                            
     -0.003833136618264                            
     -0.003240550763751                            
     -0.002775507576349                            
     -0.002403857020128                            
     -0.002102161894950                            
     -0.001853902972328                            
     -0.001647165147390                            
     -0.001473178858446                            
     -0.001325373575778                            
     -0.001198747705517                            
     -0.001089439527820                            
     -0.000994429059750                            
     -0.000911327091902                            
     -0.000838223436226                            
     -0.000773576124405                            
     -0.000716129396543                            
     -0.000664852236714                            
     -0.000618891775667                            
     -0.000577537588204                            
     -0.000540194068245                            
     -0.000506358858369                            
     -0.000475605863417                            
     -0.000447571767605                            
     -0.000421945252976                            
     -0.000398458317871                            
     -0.000376879240616                            
     -0.000357006841500                            
     -0.000338665776305                            
     -0.000321702654769                            
     -0.000305982822766                            
