# Potential function.
#  r             r*V(r)
   0.000000E+00 -4.090650E+01
   1.000000E-08 -4.090650E+01
   1.260383E-08 -4.090650E+01
   1.588565E-08 -4.090650E+01
   2.002200E-08 -4.090650E+01
   2.523539E-08 -4.090650E+01
   3.180626E-08 -4.090650E+01
   4.008806E-08 -4.090650E+01
   5.052631E-08 -4.090649E+01
   6.368250E-08 -4.090649E+01
   8.026434E-08 -4.090649E+01
   1.011638E-07 -4.090649E+01
   1.275051E-07 -4.090648E+01
   1.607053E-07 -4.090648E+01
   2.025502E-07 -4.090648E+01
   2.552908E-07 -4.090647E+01
   3.217642E-07 -4.090646E+01
   4.055461E-07 -4.090645E+01
   5.111433E-07 -4.090644E+01
   6.442364E-07 -4.090642E+01
   8.119845E-07 -4.090640E+01
   1.023411E-06 -4.090637E+01
   1.289890E-06 -4.090634E+01
   1.625756E-06 -4.090630E+01
   2.049075E-06 -4.090625E+01
   2.582619E-06 -4.090618E+01
   3.255089E-06 -4.090610E+01
   4.102658E-06 -4.090600E+01
   5.170920E-06 -4.090587E+01
   6.517340E-06 -4.090570E+01
   8.214344E-06 -4.090550E+01
   1.035322E-05 -4.090523E+01
   1.304902E-05 -4.090491E+01
   1.644676E-05 -4.090449E+01
   2.072922E-05 -4.090397E+01
   2.612675E-05 -4.090331E+01
   3.292971E-05 -4.090248E+01
   4.150405E-05 -4.090143E+01
   5.231099E-05 -4.090011E+01
   6.593188E-05 -4.089844E+01
   8.309942E-05 -4.089635E+01
   1.047371E-04 -4.089370E+01
   1.320088E-04 -4.089037E+01
   1.663817E-04 -4.088618E+01
   2.097046E-04 -4.088088E+01
   2.643081E-04 -4.087422E+01
   3.331295E-04 -4.086582E+01
   4.198707E-04 -4.085523E+01
   5.291979E-04 -4.084189E+01
   6.669920E-04 -4.082509E+01
   8.406653E-04 -4.080393E+01
   1.059560E-03 -4.077727E+01
   1.335452E-03 -4.074370E+01
   1.683180E-03 -4.070143E+01
   2.121452E-03 -4.064823E+01
   2.673842E-03 -4.058130E+01
   3.370064E-03 -4.049712E+01
   4.247572E-03 -4.039131E+01
   5.353567E-03 -4.025841E+01
   6.747544E-03 -4.009164E+01
   7.626017E-03 -3.998696E+01
   8.504489E-03 -3.988261E+01
   9.058095E-03 -3.981701E+01
   9.334898E-03 -3.978425E+01
   9.611701E-03 -3.975153E+01
   9.750103E-03 -3.973518E+01
   9.888504E-03 -3.971884E+01
   9.923105E-03 -3.971476E+01
   9.957705E-03 -3.971067E+01
   9.975005E-03 -3.970863E+01
   9.983655E-03 -3.970761E+01
   9.992305E-03 -3.970659E+01
   9.996630E-03 -3.970608E+01
   9.997712E-03 -3.970595E+01
   9.998793E-03 -3.970583E+01
   9.999334E-03 -3.970576E+01
   9.999401E-03 -3.970575E+01
   9.999469E-03 -3.970575E+01
   9.999536E-03 -3.970574E+01
   9.999604E-03 -3.970573E+01
   9.999671E-03 -3.970572E+01
   9.999739E-03 -3.970571E+01
   9.999807E-03 -3.970571E+01
   9.999874E-03 -3.970570E+01
   9.999942E-03 -3.970569E+01
   1.000001E-02 -3.682482E+01
   1.000008E-02 -3.682481E+01
   1.000014E-02 -3.682481E+01
   1.000021E-02 -3.682480E+01
   1.000028E-02 -3.682479E+01
   1.000035E-02 -3.682478E+01
   1.000041E-02 -3.682478E+01
   1.000048E-02 -3.682477E+01
   1.000055E-02 -3.682476E+01
   1.000062E-02 -3.682475E+01
   1.000069E-02 -3.682475E+01
   1.000096E-02 -3.682472E+01
   1.000204E-02 -3.682460E+01
   1.000312E-02 -3.682448E+01
   1.000528E-02 -3.682424E+01
   1.000961E-02 -3.682376E+01
   1.001826E-02 -3.682281E+01
   1.002691E-02 -3.682186E+01
   1.004421E-02 -3.681995E+01
   1.006151E-02 -3.681804E+01
   1.009611E-02 -3.681423E+01
   1.016531E-02 -3.680662E+01
   1.030371E-02 -3.679141E+01
   1.044211E-02 -3.677625E+01
   1.071891E-02 -3.674604E+01
   1.141667E-02 -3.667059E+01
   1.211442E-02 -3.659620E+01
   1.350994E-02 -3.645078E+01
   1.526881E-02 -3.627445E+01
   1.702769E-02 -3.610664E+01
   1.924455E-02 -3.590856E+01
   2.035298E-02 -3.581560E+01
   2.146141E-02 -3.572698E+01
   2.285846E-02 -3.562179E+01
   2.425550E-02 -3.552422E+01
   2.495403E-02 -3.547843E+01
   2.565255E-02 -3.543471E+01
   2.635107E-02 -3.539309E+01
   2.704960E-02 -3.535365E+01
   2.793000E-02 -3.530711E+01
   2.881041E-02 -3.526419E+01
   2.969082E-02 -3.522501E+01
   3.057122E-02 -3.518967E+01
   3.145163E-02 -3.515827E+01
   3.233204E-02 -3.513092E+01
   3.321244E-02 -3.510772E+01
   3.409285E-02 -3.508877E+01
   3.464768E-02 -3.507906E+01
   3.520250E-02 -3.507111E+01
   3.575733E-02 -3.506494E+01
   3.631215E-02 -3.506058E+01
   3.686697E-02 -3.505806E+01
   3.742180E-02 -3.505740E+01
   3.797662E-02 -3.505862E+01
   3.853145E-02 -3.506176E+01
   3.964110E-02 -3.507387E+01
   4.075075E-02 -3.509395E+01
   4.186040E-02 -3.512221E+01
   4.297005E-02 -3.515884E+01
   4.331969E-02 -3.517215E+01
   4.366934E-02 -3.518633E+01
   4.436863E-02 -3.521727E+01
   4.576721E-02 -3.528976E+01
   4.646651E-02 -3.533141E+01
   4.716580E-02 -3.537673E+01
   4.786509E-02 -3.542577E+01
   4.856438E-02 -3.547859E+01
   5.136155E-02 -3.572864E+01
   5.206084E-02 -3.580111E+01
   5.276013E-02 -3.587767E+01
   5.345942E-02 -3.595836E+01
   5.415871E-02 -3.604324E+01
   5.504009E-02 -3.615627E+01
   5.592146E-02 -3.627614E+01
   5.636215E-02 -3.633868E+01
   5.680284E-02 -3.640296E+01
   5.724353E-02 -3.646900E+01
   5.768421E-02 -3.653682E+01
   5.812490E-02 -3.660643E+01
   5.856559E-02 -3.667784E+01
   5.900628E-02 -3.675106E+01
   5.944697E-02 -3.682610E+01
   5.988765E-02 -3.690299E+01
   6.032834E-02 -3.698173E+01
   6.076903E-02 -3.706233E+01
   6.120972E-02 -3.714481E+01
   6.209109E-02 -3.731545E+01
   6.253178E-02 -3.740364E+01
   6.297247E-02 -3.749376E+01
   6.385384E-02 -3.767983E+01
   6.429453E-02 -3.777581E+01
   6.473522E-02 -3.787377E+01
   6.561659E-02 -3.807568E+01
   6.605728E-02 -3.817966E+01
   6.649797E-02 -3.828567E+01
   6.826072E-02 -3.873025E+01
   6.881615E-02 -3.887723E+01
   6.937159E-02 -3.902757E+01
   6.992702E-02 -3.918129E+01
   7.048246E-02 -3.933840E+01
   7.159333E-02 -3.966294E+01
   7.270420E-02 -4.000137E+01
   7.325963E-02 -4.017587E+01
   7.381507E-02 -4.035391E+01
   7.437051E-02 -4.053553E+01
   7.492594E-02 -4.072074E+01
   7.603681E-02 -4.110207E+01
   7.714768E-02 -4.149809E+01
   7.770312E-02 -4.170167E+01
   7.825855E-02 -4.190900E+01
   7.881399E-02 -4.212009E+01
   7.936942E-02 -4.233497E+01
   8.159116E-02 -4.323292E+01
   8.214660E-02 -4.346712E+01
   8.270203E-02 -4.370526E+01
   8.325747E-02 -4.394735E+01
   8.381290E-02 -4.419342E+01
   8.492377E-02 -4.469760E+01
   8.603464E-02 -4.521797E+01
   8.743477E-02 -4.589718E+01
   8.883489E-02 -4.660275E+01
   8.953495E-02 -4.696552E+01
   9.023501E-02 -4.733502E+01
   9.093507E-02 -4.771128E+01
   9.163513E-02 -4.809434E+01
   9.233519E-02 -4.848424E+01
   9.303525E-02 -4.888103E+01
   9.373532E-02 -4.928475E+01
   9.443538E-02 -4.969543E+01
   9.583550E-02 -5.053783E+01
   9.653556E-02 -5.096964E+01
   9.723562E-02 -5.140856E+01
   9.793568E-02 -5.185464E+01
   9.863574E-02 -5.230790E+01
   1.000359E-01 -5.323613E+01
   1.007359E-01 -5.371117E+01
   1.014360E-01 -5.419353E+01
   1.021360E-01 -5.468325E+01
   1.028361E-01 -5.518036E+01
   1.035362E-01 -5.568488E+01
   1.042362E-01 -5.619686E+01
   1.056364E-01 -5.724325E+01
   1.063364E-01 -5.777773E+01
   1.070365E-01 -5.831976E+01
   1.077365E-01 -5.886938E+01
   1.084366E-01 -5.942659E+01
   1.093189E-01 -6.013975E+01
   1.102013E-01 -6.086507E+01
   1.110836E-01 -6.160258E+01
   1.119660E-01 -6.235231E+01
   1.128483E-01 -6.311430E+01
   1.137307E-01 -6.388858E+01
   1.146130E-01 -6.467517E+01
   1.154954E-01 -6.547409E+01
   1.163777E-01 -6.628536E+01
   1.172600E-01 -6.710900E+01
   1.181424E-01 -6.794501E+01
   1.190247E-01 -6.879339E+01
   1.199071E-01 -6.965416E+01
   1.207894E-01 -7.052730E+01
   1.216718E-01 -7.141281E+01
   1.225541E-01 -7.231067E+01
   1.234365E-01 -7.322087E+01
   1.243188E-01 -7.414338E+01
   1.247600E-01 -7.460924E+01
   1.252012E-01 -7.507817E+01
   1.260835E-01 -7.602521E+01
   1.269658E-01 -7.698447E+01
   1.278482E-01 -7.795589E+01
   1.287305E-01 -7.893942E+01
   1.296129E-01 -7.993501E+01
   1.300540E-01 -8.043731E+01
   1.304952E-01 -8.094260E+01
   1.313776E-01 -8.196210E+01
   1.318187E-01 -8.247630E+01
   1.322599E-01 -8.299345E+01
   1.327011E-01 -8.351355E+01
   1.331423E-01 -8.403657E+01
   1.335834E-01 -8.456251E+01
   1.340246E-01 -8.509135E+01
   1.349069E-01 -8.615771E+01
   1.353481E-01 -8.669519E+01
   1.357893E-01 -8.723553E+01
   1.362305E-01 -8.777871E+01
   1.366716E-01 -8.832471E+01
   1.372277E-01 -8.901688E+01
   1.377837E-01 -8.971348E+01
   1.383398E-01 -9.041447E+01
   1.388958E-01 -9.111983E+01
   1.400079E-01 -9.254349E+01
   1.405640E-01 -9.326171E+01
   1.408420E-01 -9.362241E+01
   1.411200E-01 -9.398415E+01
   1.416761E-01 -9.471076E+01
   1.422321E-01 -9.544149E+01
   1.427881E-01 -9.617631E+01
   1.433442E-01 -9.691516E+01
   1.439002E-01 -9.765801E+01
   1.444563E-01 -9.840480E+01
   1.450123E-01 -9.915549E+01
   1.452904E-01 -9.953227E+01
   1.455684E-01 -9.991001E+01
   1.461244E-01 -1.006683E+02
   1.466805E-01 -1.014304E+02
   1.472365E-01 -1.021961E+02
   1.477926E-01 -1.029655E+02
   1.483486E-01 -1.037384E+02
   1.489047E-01 -1.045148E+02
   1.494607E-01 -1.052946E+02
   1.500167E-01 -1.060779E+02
   1.502948E-01 -1.064707E+02
   1.505728E-01 -1.068644E+02
   1.511288E-01 -1.076542E+02
   1.516849E-01 -1.084471E+02
   1.522409E-01 -1.092432E+02
   1.527970E-01 -1.100423E+02
   1.533530E-01 -1.108443E+02
   1.539091E-01 -1.116492E+02
   1.544651E-01 -1.124569E+02
   1.550212E-01 -1.132674E+02
   1.555772E-01 -1.140805E+02
   1.558552E-01 -1.144880E+02
   1.561333E-01 -1.148961E+02
   1.566893E-01 -1.157142E+02
   1.572453E-01 -1.165347E+02
   1.578014E-01 -1.173575E+02
   1.583574E-01 -1.181825E+02
   1.589135E-01 -1.190096E+02
   1.594695E-01 -1.198388E+02
   1.600256E-01 -1.206698E+02
   1.605816E-01 -1.215027E+02
   1.611377E-01 -1.223373E+02
   1.616937E-01 -1.231736E+02
   1.622498E-01 -1.240114E+02
   1.628058E-01 -1.248506E+02
   1.633619E-01 -1.256911E+02
   1.639179E-01 -1.265328E+02
   1.644739E-01 -1.273756E+02
   1.650300E-01 -1.282193E+02
   1.655860E-01 -1.290640E+02
   1.661421E-01 -1.299093E+02
   1.666981E-01 -1.307554E+02
   1.672542E-01 -1.316019E+02
   1.678102E-01 -1.324488E+02
   1.683663E-01 -1.332959E+02
   1.689223E-01 -1.341432E+02
   1.692003E-01 -1.345669E+02
   1.694784E-01 -1.349906E+02
   1.700344E-01 -1.358378E+02
   1.705905E-01 -1.366847E+02
   1.711465E-01 -1.375312E+02
   1.717026E-01 -1.383773E+02
   1.722586E-01 -1.392227E+02
   1.726090E-01 -1.397550E+02
   1.729594E-01 -1.402870E+02
   1.733098E-01 -1.408186E+02
   1.736603E-01 -1.413498E+02
   1.743611E-01 -1.424108E+02
   1.750619E-01 -1.434696E+02
   1.757628E-01 -1.445261E+02
   1.764636E-01 -1.455798E+02
   1.771644E-01 -1.466305E+02
   1.778652E-01 -1.476779E+02
   1.785661E-01 -1.487216E+02
   1.792669E-01 -1.497614E+02
   1.799677E-01 -1.507970E+02
   1.806686E-01 -1.518279E+02
   1.813694E-01 -1.528540E+02
   1.820702E-01 -1.538748E+02
   1.827711E-01 -1.548901E+02
   1.834719E-01 -1.558994E+02
   1.841727E-01 -1.569025E+02
   1.848736E-01 -1.578991E+02
   1.855744E-01 -1.588887E+02
   1.862752E-01 -1.598711E+02
   1.869761E-01 -1.608458E+02
   1.876769E-01 -1.618126E+02
   1.880273E-01 -1.622929E+02
   1.883777E-01 -1.627711E+02
   1.890785E-01 -1.637210E+02
   1.897794E-01 -1.646618E+02
   1.904802E-01 -1.655933E+02
   1.911810E-01 -1.665150E+02
   1.918819E-01 -1.674267E+02
   1.932835E-01 -1.692184E+02
   1.946852E-01 -1.709656E+02
   1.953860E-01 -1.718216E+02
   1.960869E-01 -1.726654E+02
   1.974885E-01 -1.743149E+02
   1.981894E-01 -1.751200E+02
   1.988902E-01 -1.759114E+02
   1.995910E-01 -1.766889E+02
   2.002918E-01 -1.774521E+02
   2.009927E-01 -1.782007E+02
   2.016935E-01 -1.789343E+02
   2.023943E-01 -1.796525E+02
   2.030952E-01 -1.803552E+02
   2.037960E-01 -1.810419E+02
   2.044968E-01 -1.817122E+02
   2.051977E-01 -1.823660E+02
   2.058985E-01 -1.830029E+02
   2.065993E-01 -1.836226E+02
   2.073002E-01 -1.842247E+02
   2.080010E-01 -1.848091E+02
   2.087018E-01 -1.853753E+02
   2.094027E-01 -1.859231E+02
   2.101035E-01 -1.864523E+02
   2.108043E-01 -1.869626E+02
   2.115051E-01 -1.874537E+02
   2.122060E-01 -1.879254E+02
   2.129068E-01 -1.883774E+02
   2.136076E-01 -1.888095E+02
   2.143085E-01 -1.892215E+02
   2.150093E-01 -1.896132E+02
   2.157101E-01 -1.899843E+02
   2.164110E-01 -1.903347E+02
   2.171118E-01 -1.906641E+02
   2.175535E-01 -1.908609E+02
   2.179951E-01 -1.910493E+02
   2.184368E-01 -1.912292E+02
   2.188784E-01 -1.914006E+02
   2.193201E-01 -1.915635E+02
   2.197617E-01 -1.917179E+02
   2.202034E-01 -1.918636E+02
   2.206451E-01 -1.920007E+02
   2.215284E-01 -1.922489E+02
   2.219700E-01 -1.923600E+02
   2.224117E-01 -1.924623E+02
   2.228533E-01 -1.925559E+02
   2.232950E-01 -1.926407E+02
   2.241783E-01 -1.927839E+02
   2.246200E-01 -1.928423E+02
   2.250616E-01 -1.928919E+02
   2.255033E-01 -1.929327E+02
   2.259450E-01 -1.929646E+02
   2.263866E-01 -1.929877E+02
   2.268283E-01 -1.930019E+02
   2.272699E-01 -1.930073E+02
   2.277116E-01 -1.930039E+02
   2.281532E-01 -1.929916E+02
   2.285949E-01 -1.929705E+02
   2.290366E-01 -1.929406E+02
   2.294782E-01 -1.929018E+02
   2.299199E-01 -1.928543E+02
   2.303615E-01 -1.927980E+02
   2.308032E-01 -1.927329E+02
   2.312448E-01 -1.926591E+02
   2.316865E-01 -1.925766E+02
   2.321282E-01 -1.924854E+02
   2.325698E-01 -1.923855E+02
   2.330115E-01 -1.922769E+02
   2.334531E-01 -1.921598E+02
   2.338948E-01 -1.920341E+02
   2.343365E-01 -1.918998E+02
   2.347781E-01 -1.917570E+02
   2.352198E-01 -1.916058E+02
   2.356614E-01 -1.914462E+02
   2.361031E-01 -1.912781E+02
   2.365447E-01 -1.911018E+02
   2.369864E-01 -1.909171E+02
   2.374281E-01 -1.907243E+02
   2.378697E-01 -1.905232E+02
   2.383114E-01 -1.903140E+02
   2.391947E-01 -1.898715E+02
   2.396363E-01 -1.896383E+02
   2.400780E-01 -1.893972E+02
   2.405197E-01 -1.891483E+02
   2.409613E-01 -1.888916E+02
   2.414030E-01 -1.886272E+02
   2.418446E-01 -1.883553E+02
   2.422863E-01 -1.880757E+02
   2.427280E-01 -1.877887E+02
   2.431696E-01 -1.874943E+02
   2.436113E-01 -1.871926E+02
   2.440529E-01 -1.868836E+02
   2.444946E-01 -1.865675E+02
   2.449362E-01 -1.862443E+02
   2.453779E-01 -1.859141E+02
   2.458196E-01 -1.855770E+02
   2.462612E-01 -1.852331E+02
   2.467029E-01 -1.848824E+02
   2.471445E-01 -1.845251E+02
   2.475862E-01 -1.841612E+02
   2.480278E-01 -1.837909E+02
   2.484695E-01 -1.834142E+02
   2.489112E-01 -1.830313E+02
   2.493528E-01 -1.826422E+02
   2.497945E-01 -1.822470E+02
   2.502361E-01 -1.818458E+02
   2.506778E-01 -1.814388E+02
   2.511194E-01 -1.810260E+02
   2.515611E-01 -1.806075E+02
   2.520028E-01 -1.801834E+02
   2.524444E-01 -1.797539E+02
   2.533277E-01 -1.788789E+02
   2.542111E-01 -1.779832E+02
   2.550944E-01 -1.770679E+02
   2.559777E-01 -1.761337E+02
   2.568610E-01 -1.751814E+02
   2.577443E-01 -1.742121E+02
   2.586276E-01 -1.732266E+02
   2.595109E-01 -1.722257E+02
   2.603943E-01 -1.712103E+02
   2.612776E-01 -1.701814E+02
   2.617192E-01 -1.696622E+02
   2.621609E-01 -1.691398E+02
   2.626026E-01 -1.686146E+02
   2.630442E-01 -1.680865E+02
   2.634859E-01 -1.675556E+02
   2.639275E-01 -1.670222E+02
   2.643692E-01 -1.664862E+02
   2.648108E-01 -1.659478E+02
   2.652525E-01 -1.654072E+02
   2.656942E-01 -1.648643E+02
   2.661358E-01 -1.643194E+02
   2.665775E-01 -1.637724E+02
   2.670191E-01 -1.632237E+02
   2.674608E-01 -1.626731E+02
   2.679024E-01 -1.621208E+02
   2.683441E-01 -1.615670E+02
   2.687858E-01 -1.610118E+02
   2.692274E-01 -1.604551E+02
   2.696691E-01 -1.598972E+02
   2.701107E-01 -1.593382E+02
   2.705524E-01 -1.587780E+02
   2.709941E-01 -1.582169E+02
   2.714357E-01 -1.576549E+02
   2.718774E-01 -1.570921E+02
   2.727607E-01 -1.559645E+02
   2.732023E-01 -1.553999E+02
   2.736440E-01 -1.548348E+02
   2.742007E-01 -1.541222E+02
   2.747573E-01 -1.534092E+02
   2.753140E-01 -1.526960E+02
   2.758706E-01 -1.519827E+02
   2.764273E-01 -1.512696E+02
   2.767056E-01 -1.509131E+02
   2.769839E-01 -1.505567E+02
   2.775406E-01 -1.498443E+02
   2.780973E-01 -1.491324E+02
   2.786539E-01 -1.484213E+02
   2.792106E-01 -1.477111E+02
   2.797672E-01 -1.470018E+02
   2.803239E-01 -1.462937E+02
   2.808806E-01 -1.455869E+02
   2.814372E-01 -1.448814E+02
   2.819939E-01 -1.441775E+02
   2.825505E-01 -1.434753E+02
   2.831072E-01 -1.427747E+02
   2.836638E-01 -1.420761E+02
   2.842205E-01 -1.413794E+02
   2.847772E-01 -1.406848E+02
   2.853338E-01 -1.399923E+02
   2.858905E-01 -1.393022E+02
   2.864471E-01 -1.386144E+02
   2.870038E-01 -1.379290E+02
   2.875605E-01 -1.372462E+02
   2.878388E-01 -1.369058E+02
   2.881171E-01 -1.365660E+02
   2.886738E-01 -1.358885E+02
   2.892304E-01 -1.352137E+02
   2.897871E-01 -1.345418E+02
   2.903437E-01 -1.338728E+02
   2.909004E-01 -1.332067E+02
   2.911787E-01 -1.328748E+02
   2.914571E-01 -1.325437E+02
   2.920137E-01 -1.318838E+02
   2.925704E-01 -1.312269E+02
   2.931270E-01 -1.305733E+02
   2.936837E-01 -1.299229E+02
   2.942403E-01 -1.292757E+02
   2.947970E-01 -1.286319E+02
   2.953537E-01 -1.279914E+02
   2.959103E-01 -1.273543E+02
   2.964670E-01 -1.267207E+02
   2.970236E-01 -1.260904E+02
   2.975803E-01 -1.254637E+02
   2.981370E-01 -1.248404E+02
   2.986936E-01 -1.242206E+02
   2.992503E-01 -1.236044E+02
   2.998069E-01 -1.229918E+02
   3.003636E-01 -1.223827E+02
   3.009202E-01 -1.217772E+02
   3.014769E-01 -1.211753E+02
   3.020336E-01 -1.205770E+02
   3.025902E-01 -1.199823E+02
   3.031469E-01 -1.193912E+02
   3.037035E-01 -1.188037E+02
   3.042602E-01 -1.182198E+02
   3.048168E-01 -1.176396E+02
   3.053735E-01 -1.170630E+02
   3.059302E-01 -1.164899E+02
   3.064868E-01 -1.159205E+02
   3.070435E-01 -1.153547E+02
   3.076001E-01 -1.147925E+02
   3.081568E-01 -1.142339E+02
   3.087135E-01 -1.136788E+02
   3.092701E-01 -1.131273E+02
   3.098268E-01 -1.125794E+02
   3.103834E-01 -1.120350E+02
   3.109401E-01 -1.114941E+02
   3.114967E-01 -1.109568E+02
   3.120534E-01 -1.104229E+02
   3.126101E-01 -1.098925E+02
   3.131667E-01 -1.093656E+02
   3.137234E-01 -1.088421E+02
   3.142800E-01 -1.083221E+02
   3.148367E-01 -1.078055E+02
   3.159500E-01 -1.067823E+02
   3.170633E-01 -1.057726E+02
   3.181766E-01 -1.047761E+02
   3.192900E-01 -1.037927E+02
   3.204033E-01 -1.028222E+02
   3.215166E-01 -1.018644E+02
   3.226299E-01 -1.009192E+02
   3.237432E-01 -9.998629E+01
   3.248565E-01 -9.906558E+01
   3.259699E-01 -9.815686E+01
   3.265265E-01 -9.770694E+01
   3.270832E-01 -9.725995E+01
   3.276398E-01 -9.681587E+01
   3.281965E-01 -9.637468E+01
   3.293098E-01 -9.550085E+01
   3.298665E-01 -9.506818E+01
   3.304231E-01 -9.463831E+01
   3.309798E-01 -9.421120E+01
   3.315364E-01 -9.378685E+01
   3.326497E-01 -9.294633E+01
   3.337631E-01 -9.211655E+01
   3.343197E-01 -9.170563E+01
   3.348764E-01 -9.129734E+01
   3.354330E-01 -9.089166E+01
   3.359897E-01 -9.048855E+01
   3.371030E-01 -8.969001E+01
   3.376597E-01 -8.929452E+01
   3.382163E-01 -8.890154E+01
   3.393296E-01 -8.812300E+01
   3.404430E-01 -8.735422E+01
   3.409996E-01 -8.697344E+01
   3.415563E-01 -8.659505E+01
   3.421129E-01 -8.621901E+01
   3.426696E-01 -8.584533E+01
   3.437829E-01 -8.510492E+01
   3.443396E-01 -8.473816E+01
   3.448962E-01 -8.437367E+01
   3.455978E-01 -8.391748E+01
   3.462994E-01 -8.346483E+01
   3.470010E-01 -8.301570E+01
   3.477026E-01 -8.257004E+01
   3.484042E-01 -8.212782E+01
   3.491058E-01 -8.168900E+01
   3.498074E-01 -8.125356E+01
   3.505090E-01 -8.082146E+01
   3.512106E-01 -8.039266E+01
   3.519122E-01 -7.996714E+01
   3.526139E-01 -7.954486E+01
   3.533155E-01 -7.912580E+01
   3.540171E-01 -7.870991E+01
   3.547187E-01 -7.829717E+01
   3.554203E-01 -7.788754E+01
   3.561219E-01 -7.748101E+01
   3.575251E-01 -7.667708E+01
   3.582267E-01 -7.627963E+01
   3.589283E-01 -7.588515E+01
   3.596299E-01 -7.549362E+01
   3.603315E-01 -7.510499E+01
   3.610331E-01 -7.471926E+01
   3.617347E-01 -7.433638E+01
   3.624363E-01 -7.395633E+01
   3.631379E-01 -7.357908E+01
   3.638395E-01 -7.320462E+01
   3.645411E-01 -7.283290E+01
   3.652427E-01 -7.246392E+01
   3.659443E-01 -7.209763E+01
   3.666459E-01 -7.173401E+01
   3.673475E-01 -7.137305E+01
   3.680491E-01 -7.101471E+01
   3.687507E-01 -7.065897E+01
   3.694523E-01 -7.030580E+01
   3.701539E-01 -6.995519E+01
   3.708555E-01 -6.960711E+01
   3.715571E-01 -6.926153E+01
   3.722587E-01 -6.891843E+01
   3.729603E-01 -6.857780E+01
   3.743635E-01 -6.790381E+01
   3.750651E-01 -6.757041E+01
   3.757667E-01 -6.723938E+01
   3.764683E-01 -6.691070E+01
   3.771699E-01 -6.658435E+01
   3.778715E-01 -6.626030E+01
   3.785731E-01 -6.593854E+01
   3.792747E-01 -6.561904E+01
   3.799763E-01 -6.530179E+01
   3.806779E-01 -6.498676E+01
   3.813795E-01 -6.467393E+01
   3.820811E-01 -6.436328E+01
   3.827827E-01 -6.405480E+01
   3.841860E-01 -6.344425E+01
   3.848876E-01 -6.314215E+01
   3.855892E-01 -6.284213E+01
   3.862908E-01 -6.254418E+01
   3.869924E-01 -6.224828E+01
   3.883956E-01 -6.166256E+01
   3.890972E-01 -6.137270E+01
   3.897988E-01 -6.108482E+01
   3.905004E-01 -6.079890E+01
   3.912020E-01 -6.051493E+01
   3.919036E-01 -6.023289E+01
   3.926052E-01 -5.995275E+01
   3.933068E-01 -5.967451E+01
   3.940084E-01 -5.939815E+01
   3.947100E-01 -5.912365E+01
   3.954116E-01 -5.885099E+01
   3.961132E-01 -5.858016E+01
   3.968148E-01 -5.831115E+01
   3.975164E-01 -5.804393E+01
   3.982180E-01 -5.777849E+01
   3.996212E-01 -5.725291E+01
   4.003228E-01 -5.699272E+01
   4.010244E-01 -5.673426E+01
   4.017260E-01 -5.647751E+01
   4.024276E-01 -5.622245E+01
   4.031292E-01 -5.596907E+01
   4.038308E-01 -5.571735E+01
   4.045324E-01 -5.546728E+01
   4.052340E-01 -5.521885E+01
   4.059356E-01 -5.497204E+01
   4.066372E-01 -5.472683E+01
   4.073388E-01 -5.448323E+01
   4.080404E-01 -5.424120E+01
   4.087420E-01 -5.400074E+01
   4.094436E-01 -5.376184E+01
   4.101452E-01 -5.352448E+01
   4.108468E-01 -5.328865E+01
   4.115484E-01 -5.305433E+01
   4.122500E-01 -5.282152E+01
   4.129516E-01 -5.259020E+01
   4.136532E-01 -5.236036E+01
   4.143549E-01 -5.213199E+01
   4.150565E-01 -5.190507E+01
   4.164597E-01 -5.145555E+01
   4.171613E-01 -5.123293E+01
   4.178629E-01 -5.101171E+01
   4.185645E-01 -5.079189E+01
   4.192661E-01 -5.057345E+01
   4.199677E-01 -5.035639E+01
   4.206693E-01 -5.014069E+01
   4.213709E-01 -4.992634E+01
   4.220725E-01 -4.971333E+01
   4.227741E-01 -4.950166E+01
   4.234757E-01 -4.929130E+01
   4.241773E-01 -4.908225E+01
   4.248789E-01 -4.887449E+01
   4.262821E-01 -4.846284E+01
   4.269837E-01 -4.825892E+01
   4.276853E-01 -4.805626E+01
   4.283869E-01 -4.785484E+01
   4.290885E-01 -4.765466E+01
   4.297901E-01 -4.745570E+01
   4.304917E-01 -4.725797E+01
   4.311933E-01 -4.706144E+01
   4.318949E-01 -4.686611E+01
   4.325965E-01 -4.667197E+01
   4.332981E-01 -4.647901E+01
   4.339997E-01 -4.628722E+01
   4.347013E-01 -4.609658E+01
   4.355856E-01 -4.585796E+01
   4.364699E-01 -4.562114E+01
   4.373542E-01 -4.538612E+01
   4.382385E-01 -4.515288E+01
   4.400070E-01 -4.469165E+01
   4.408913E-01 -4.446363E+01
   4.417756E-01 -4.423732E+01
   4.435442E-01 -4.378976E+01
   4.444285E-01 -4.356847E+01
   4.453128E-01 -4.334884E+01
   4.461971E-01 -4.313082E+01
   4.470813E-01 -4.291442E+01
   4.488499E-01 -4.248640E+01
   4.497342E-01 -4.227474E+01
   4.506185E-01 -4.206464E+01
   4.515028E-01 -4.185607E+01
   4.523871E-01 -4.164903E+01
   4.532714E-01 -4.144349E+01
   4.541556E-01 -4.123945E+01
   4.550399E-01 -4.103688E+01
   4.559242E-01 -4.083579E+01
   4.568085E-01 -4.063614E+01
   4.576928E-01 -4.043793E+01
   4.585771E-01 -4.024115E+01
   4.594614E-01 -4.004578E+01
   4.612299E-01 -3.965923E+01
   4.621142E-01 -3.946801E+01
   4.629985E-01 -3.927816E+01
   4.638828E-01 -3.908966E+01
   4.647671E-01 -3.890249E+01
   4.656514E-01 -3.871664E+01
   4.665357E-01 -3.853211E+01
   4.674200E-01 -3.834887E+01
   4.683042E-01 -3.816693E+01
   4.691885E-01 -3.798625E+01
   4.700728E-01 -3.780685E+01
   4.709571E-01 -3.762869E+01
   4.718414E-01 -3.745178E+01
   4.727257E-01 -3.727609E+01
   4.736100E-01 -3.710163E+01
   4.753785E-01 -3.675631E+01
   4.762628E-01 -3.658544E+01
   4.771471E-01 -3.641574E+01
   4.780314E-01 -3.624721E+01
   4.789157E-01 -3.607983E+01
   4.798000E-01 -3.591360E+01
   4.806843E-01 -3.574850E+01
   4.815686E-01 -3.558453E+01
   4.824528E-01 -3.542167E+01
   4.833371E-01 -3.525992E+01
   4.842214E-01 -3.509927E+01
   4.851057E-01 -3.493969E+01
   4.859900E-01 -3.478120E+01
   4.868743E-01 -3.462377E+01
   4.877586E-01 -3.446740E+01
   4.886429E-01 -3.431208E+01
   4.895271E-01 -3.415780E+01
   4.904114E-01 -3.400454E+01
   4.912957E-01 -3.385231E+01
   4.921800E-01 -3.370109E+01
   4.930643E-01 -3.355088E+01
   4.939486E-01 -3.340166E+01
   4.948329E-01 -3.325343E+01
   4.966014E-01 -3.295989E+01
   4.974857E-01 -3.281457E+01
   4.983700E-01 -3.267020E+01
   4.992543E-01 -3.252677E+01
   5.001386E-01 -3.238429E+01
   5.010229E-01 -3.224273E+01
   5.019072E-01 -3.210209E+01
   5.027915E-01 -3.196237E+01
   5.036757E-01 -3.182355E+01
   5.045600E-01 -3.168564E+01
   5.054443E-01 -3.154861E+01
   5.063286E-01 -3.141247E+01
   5.072129E-01 -3.127720E+01
   5.089815E-01 -3.100927E+01
   5.098658E-01 -3.087659E+01
   5.107500E-01 -3.074475E+01
   5.116343E-01 -3.061376E+01
   5.125186E-01 -3.048360E+01
   5.142872E-01 -3.022575E+01
   5.151715E-01 -3.009805E+01
   5.160558E-01 -2.997116E+01
   5.169401E-01 -2.984506E+01
   5.178243E-01 -2.971976E+01
   5.187086E-01 -2.959525E+01
   5.195929E-01 -2.947151E+01
   5.204772E-01 -2.934856E+01
   5.213615E-01 -2.922636E+01
   5.222458E-01 -2.910494E+01
   5.231301E-01 -2.898426E+01
   5.240144E-01 -2.886434E+01
   5.248986E-01 -2.874516E+01
   5.257829E-01 -2.862671E+01
   5.266672E-01 -2.850900E+01
   5.284358E-01 -2.827575E+01
   5.293201E-01 -2.816020E+01
   5.302044E-01 -2.804535E+01
   5.310887E-01 -2.793121E+01
   5.319729E-01 -2.781777E+01
   5.337415E-01 -2.759296E+01
   5.355101E-01 -2.737086E+01
   5.363944E-01 -2.726083E+01
   5.372787E-01 -2.715146E+01
   5.381630E-01 -2.704274E+01
   5.390472E-01 -2.693469E+01
   5.408158E-01 -2.672052E+01
   5.417001E-01 -2.661439E+01
   5.425844E-01 -2.650890E+01
   5.434687E-01 -2.640404E+01
   5.443530E-01 -2.629981E+01
   5.461215E-01 -2.609320E+01
   5.470058E-01 -2.599081E+01
   5.478901E-01 -2.588903E+01
   5.490047E-01 -2.576160E+01
   5.501192E-01 -2.563512E+01
   5.512337E-01 -2.550957E+01
   5.523483E-01 -2.538496E+01
   5.545774E-01 -2.513847E+01
   5.556919E-01 -2.501659E+01
   5.568064E-01 -2.489559E+01
   5.579210E-01 -2.477549E+01
   5.590355E-01 -2.465625E+01
   5.601501E-01 -2.453789E+01
   5.612646E-01 -2.442039E+01
   5.623791E-01 -2.430374E+01
   5.634937E-01 -2.418793E+01
   5.646082E-01 -2.407296E+01
   5.657228E-01 -2.395882E+01
   5.668373E-01 -2.384550E+01
   5.679519E-01 -2.373299E+01
   5.701809E-01 -2.351038E+01
   5.712955E-01 -2.340026E+01
   5.724100E-01 -2.329093E+01
   5.735246E-01 -2.318238E+01
   5.746391E-01 -2.307459E+01
   5.757536E-01 -2.296757E+01
   5.768682E-01 -2.286130E+01
   5.779827E-01 -2.275578E+01
   5.790973E-01 -2.265100E+01
   5.813263E-01 -2.244365E+01
   5.824409E-01 -2.234105E+01
   5.835554E-01 -2.223917E+01
   5.846700E-01 -2.213800E+01
   5.857845E-01 -2.203754E+01
   5.868990E-01 -2.193777E+01
   5.880136E-01 -2.183868E+01
   5.891281E-01 -2.174029E+01
   5.902427E-01 -2.164257E+01
   5.913572E-01 -2.154552E+01
   5.924718E-01 -2.144914E+01
   5.935863E-01 -2.135341E+01
   5.947008E-01 -2.125835E+01
   5.958154E-01 -2.116393E+01
   5.969299E-01 -2.107015E+01
   5.991590E-01 -2.088450E+01
   6.002735E-01 -2.079261E+01
   6.013881E-01 -2.070135E+01
   6.025026E-01 -2.061070E+01
   6.036172E-01 -2.052067E+01
   6.047317E-01 -2.043123E+01
   6.058462E-01 -2.034240E+01
   6.069608E-01 -2.025416E+01
   6.080753E-01 -2.016651E+01
   6.091899E-01 -2.007944E+01
   6.103044E-01 -1.999295E+01
   6.114189E-01 -1.990704E+01
   6.125335E-01 -1.982169E+01
   6.136480E-01 -1.973691E+01
   6.147626E-01 -1.965269E+01
   6.169917E-01 -1.948591E+01
   6.181062E-01 -1.940333E+01
   6.192207E-01 -1.932130E+01
   6.203353E-01 -1.923981E+01
   6.214498E-01 -1.915885E+01
   6.225644E-01 -1.907841E+01
   6.236789E-01 -1.899850E+01
   6.247934E-01 -1.891911E+01
   6.259080E-01 -1.884023E+01
   6.270225E-01 -1.876186E+01
   6.281371E-01 -1.868400E+01
   6.292516E-01 -1.860663E+01
   6.303661E-01 -1.852977E+01
   6.325952E-01 -1.837752E+01
   6.337098E-01 -1.830212E+01
   6.348243E-01 -1.822720E+01
   6.359388E-01 -1.815277E+01
   6.370534E-01 -1.807880E+01
   6.381679E-01 -1.800531E+01
   6.392825E-01 -1.793228E+01
   6.403970E-01 -1.785971E+01
   6.415116E-01 -1.778760E+01
   6.437406E-01 -1.764475E+01
   6.448552E-01 -1.757399E+01
   6.459697E-01 -1.750368E+01
   6.470843E-01 -1.743380E+01
   6.481988E-01 -1.736437E+01
   6.493133E-01 -1.729537E+01
   6.504279E-01 -1.722679E+01
   6.515424E-01 -1.715865E+01
   6.526570E-01 -1.709092E+01
   6.537715E-01 -1.702362E+01
   6.548860E-01 -1.695673E+01
   6.560006E-01 -1.689026E+01
   6.571151E-01 -1.682419E+01
   6.582297E-01 -1.675853E+01
   6.593442E-01 -1.669328E+01
   6.615733E-01 -1.656396E+01
   6.626878E-01 -1.649990E+01
   6.638024E-01 -1.643622E+01
   6.649169E-01 -1.637294E+01
   6.660315E-01 -1.631003E+01
   6.682605E-01 -1.618537E+01
   6.704896E-01 -1.606222E+01
   6.716042E-01 -1.600119E+01
   6.727187E-01 -1.594054E+01
   6.738332E-01 -1.588025E+01
   6.749478E-01 -1.582032E+01
   6.771769E-01 -1.570153E+01
   6.782914E-01 -1.564267E+01
   6.794059E-01 -1.558416E+01
   6.805205E-01 -1.552600E+01
   6.816350E-01 -1.546819E+01
   6.838641E-01 -1.535358E+01
   6.860932E-01 -1.524032E+01
   6.883223E-01 -1.512840E+01
   6.905514E-01 -1.501778E+01
   6.919561E-01 -1.494874E+01
   6.933608E-01 -1.488020E+01
   6.947656E-01 -1.481217E+01
   6.961703E-01 -1.474464E+01
   6.975751E-01 -1.467760E+01
   6.989798E-01 -1.461105E+01
   7.003846E-01 -1.454498E+01
   7.017893E-01 -1.447940E+01
   7.031941E-01 -1.441429E+01
   7.045988E-01 -1.434965E+01
   7.060036E-01 -1.428548E+01
   7.074083E-01 -1.422177E+01
   7.102178E-01 -1.409573E+01
   7.116226E-01 -1.403338E+01
   7.130273E-01 -1.397148E+01
   7.144321E-01 -1.391003E+01
   7.158368E-01 -1.384901E+01
   7.172416E-01 -1.378843E+01
   7.186463E-01 -1.372827E+01
   7.200511E-01 -1.366855E+01
   7.214558E-01 -1.360924E+01
   7.228606E-01 -1.355036E+01
   7.242653E-01 -1.349189E+01
   7.256701E-01 -1.343383E+01
   7.270748E-01 -1.337618E+01
   7.298843E-01 -1.326209E+01
   7.312891E-01 -1.320564E+01
   7.326938E-01 -1.314958E+01
   7.340985E-01 -1.309392E+01
   7.355033E-01 -1.303864E+01
   7.383128E-01 -1.292923E+01
   7.397175E-01 -1.287509E+01
   7.411223E-01 -1.282133E+01
   7.425270E-01 -1.276793E+01
   7.439318E-01 -1.271491E+01
   7.453365E-01 -1.266224E+01
   7.467413E-01 -1.260994E+01
   7.481460E-01 -1.255799E+01
   7.495508E-01 -1.250640E+01
   7.509555E-01 -1.245516E+01
   7.523603E-01 -1.240427E+01
   7.537650E-01 -1.235372E+01
   7.551698E-01 -1.230352E+01
   7.565745E-01 -1.225365E+01
   7.579793E-01 -1.220412E+01
   7.607888E-01 -1.210606E+01
   7.621935E-01 -1.205753E+01
   7.635983E-01 -1.200932E+01
   7.650030E-01 -1.196143E+01
   7.664078E-01 -1.191386E+01
   7.678125E-01 -1.186661E+01
   7.692173E-01 -1.181968E+01
   7.706220E-01 -1.177305E+01
   7.720268E-01 -1.172674E+01
   7.734315E-01 -1.168073E+01
   7.748363E-01 -1.163502E+01
   7.762410E-01 -1.158962E+01
   7.776457E-01 -1.154452E+01
   7.790505E-01 -1.149971E+01
   7.804552E-01 -1.145520E+01
   7.832647E-01 -1.136705E+01
   7.846695E-01 -1.132341E+01
   7.860742E-01 -1.128005E+01
   7.874790E-01 -1.123697E+01
   7.888837E-01 -1.119417E+01
   7.916932E-01 -1.110941E+01
   7.945027E-01 -1.102574E+01
   7.959075E-01 -1.098431E+01
   7.973122E-01 -1.094315E+01
   7.987170E-01 -1.090225E+01
   8.001217E-01 -1.086162E+01
   8.029312E-01 -1.078112E+01
   8.043360E-01 -1.074126E+01
   8.057407E-01 -1.070166E+01
   8.071455E-01 -1.066230E+01
   8.085502E-01 -1.062320E+01
   8.099550E-01 -1.058434E+01
   8.113597E-01 -1.054573E+01
   8.127645E-01 -1.050737E+01
   8.141692E-01 -1.046924E+01
   8.169787E-01 -1.039371E+01
   8.183834E-01 -1.035631E+01
   8.197882E-01 -1.031913E+01
   8.225977E-01 -1.024548E+01
   8.254072E-01 -1.017275E+01
   8.282167E-01 -1.010092E+01
   8.310262E-01 -1.002998E+01
   8.324309E-01 -9.994843E+00
   8.338357E-01 -9.959920E+00
   8.352404E-01 -9.925212E+00
   8.366452E-01 -9.890718E+00
   8.394547E-01 -9.822365E+00
   8.408594E-01 -9.788503E+00
   8.422642E-01 -9.754849E+00
   8.436689E-01 -9.721400E+00
   8.450737E-01 -9.688155E+00
   8.478832E-01 -9.622273E+00
   8.506927E-01 -9.557189E+00
   8.535022E-01 -9.492892E+00
   8.563117E-01 -9.429369E+00
   8.591211E-01 -9.366610E+00
   8.619306E-01 -9.304603E+00
   8.647401E-01 -9.243337E+00
   8.675496E-01 -9.182800E+00
   8.703591E-01 -9.122983E+00
   8.721297E-01 -9.085651E+00
   8.739002E-01 -9.048598E+00
   8.756707E-01 -9.011821E+00
   8.774412E-01 -8.975318E+00
   8.809823E-01 -8.903122E+00
   8.827528E-01 -8.867425E+00
   8.845233E-01 -8.831992E+00
   8.880643E-01 -8.761906E+00
   8.898349E-01 -8.727249E+00
   8.916054E-01 -8.692847E+00
   8.933759E-01 -8.658696E+00
   8.951464E-01 -8.624795E+00
   8.986875E-01 -8.557734E+00
   9.004580E-01 -8.524568E+00
   9.022285E-01 -8.491644E+00
   9.039990E-01 -8.458958E+00
   9.057696E-01 -8.426509E+00
   9.075401E-01 -8.394294E+00
   9.093106E-01 -8.362311E+00
   9.110811E-01 -8.330558E+00
   9.128516E-01 -8.299034E+00
   9.146222E-01 -8.267736E+00
   9.163927E-01 -8.236662E+00
   9.181632E-01 -8.205810E+00
   9.199337E-01 -8.175179E+00
   9.217042E-01 -8.144766E+00
   9.234748E-01 -8.114569E+00
   9.252453E-01 -8.084586E+00
   9.270158E-01 -8.054817E+00
   9.305568E-01 -7.995907E+00
   9.323274E-01 -7.966764E+00
   9.340979E-01 -7.937826E+00
   9.358684E-01 -7.909092E+00
   9.376389E-01 -7.880559E+00
   9.394094E-01 -7.852227E+00
   9.411800E-01 -7.824093E+00
   9.429505E-01 -7.796155E+00
   9.447210E-01 -7.768412E+00
   9.464915E-01 -7.740862E+00
   9.482621E-01 -7.713504E+00
   9.518031E-01 -7.659356E+00
   9.535736E-01 -7.632562E+00
   9.553441E-01 -7.605954E+00
   9.571147E-01 -7.579530E+00
   9.588852E-01 -7.553287E+00
   9.624262E-01 -7.501341E+00
   9.659673E-01 -7.450105E+00
   9.677378E-01 -7.424749E+00
   9.695083E-01 -7.399566E+00
   9.712788E-01 -7.374555E+00
   9.730493E-01 -7.349713E+00
   9.765904E-01 -7.300535E+00
   9.801314E-01 -7.252020E+00
   9.819019E-01 -7.228008E+00
   9.836725E-01 -7.204158E+00
   9.854430E-01 -7.180468E+00
   9.872135E-01 -7.156937E+00
   9.889840E-01 -7.133563E+00
   9.907546E-01 -7.110347E+00
   9.942956E-01 -7.064377E+00
   9.960661E-01 -7.041622E+00
   9.978366E-01 -7.019019E+00
   9.996072E-01 -6.996565E+00
   1.001378E+00 -6.974261E+00
   1.004919E+00 -6.930093E+00
   1.008460E+00 -6.886507E+00
   1.010230E+00 -6.864929E+00
   1.012001E+00 -6.843493E+00
   1.013771E+00 -6.822197E+00
   1.015542E+00 -6.801041E+00
   1.019083E+00 -6.759143E+00
   1.020853E+00 -6.738399E+00
   1.022624E+00 -6.717790E+00
   1.024394E+00 -6.697315E+00
   1.026165E+00 -6.676973E+00
   1.029706E+00 -6.636684E+00
   1.031477E+00 -6.616734E+00
   1.033247E+00 -6.596913E+00
   1.036788E+00 -6.557654E+00
   1.040329E+00 -6.518898E+00
   1.043870E+00 -6.480636E+00
   1.047411E+00 -6.442862E+00
   1.050952E+00 -6.405568E+00
   1.054493E+00 -6.368745E+00
   1.058034E+00 -6.332388E+00
   1.061575E+00 -6.296488E+00
   1.065116E+00 -6.261038E+00
   1.068657E+00 -6.226032E+00
   1.072199E+00 -6.191463E+00
   1.075740E+00 -6.157324E+00
   1.079281E+00 -6.123608E+00
   1.082822E+00 -6.090310E+00
   1.086363E+00 -6.057422E+00
   1.089904E+00 -6.024938E+00
   1.093445E+00 -5.992853E+00
   1.096986E+00 -5.961160E+00
   1.099217E+00 -5.941387E+00
   1.101449E+00 -5.921765E+00
   1.103680E+00 -5.902294E+00
   1.105912E+00 -5.882972E+00
   1.110375E+00 -5.844770E+00
   1.112607E+00 -5.825887E+00
   1.114838E+00 -5.807147E+00
   1.119301E+00 -5.770094E+00
   1.121533E+00 -5.751777E+00
   1.123764E+00 -5.733599E+00
   1.125996E+00 -5.715557E+00
   1.128227E+00 -5.697652E+00
   1.132690E+00 -5.662242E+00
   1.134922E+00 -5.644736E+00
   1.137153E+00 -5.627361E+00
   1.139385E+00 -5.610115E+00
   1.141616E+00 -5.592998E+00
   1.143848E+00 -5.576008E+00
   1.146080E+00 -5.559143E+00
   1.148311E+00 -5.542404E+00
   1.150543E+00 -5.525788E+00
   1.152774E+00 -5.509295E+00
   1.155006E+00 -5.492923E+00
   1.157237E+00 -5.476672E+00
   1.159469E+00 -5.460540E+00
   1.161700E+00 -5.444526E+00
   1.163932E+00 -5.428629E+00
   1.166163E+00 -5.412848E+00
   1.168395E+00 -5.397182E+00
   1.172858E+00 -5.366191E+00
   1.175089E+00 -5.350863E+00
   1.177321E+00 -5.335647E+00
   1.181784E+00 -5.305543E+00
   1.186247E+00 -5.275870E+00
   1.188479E+00 -5.261193E+00
   1.190710E+00 -5.246621E+00
   1.192942E+00 -5.232153E+00
   1.195173E+00 -5.217788E+00
   1.199636E+00 -5.189365E+00
   1.201868E+00 -5.175304E+00
   1.204099E+00 -5.161343E+00
   1.206331E+00 -5.147481E+00
   1.208563E+00 -5.133716E+00
   1.213026E+00 -5.106477E+00
   1.217489E+00 -5.079618E+00
   1.219720E+00 -5.066330E+00
   1.221952E+00 -5.053134E+00
   1.224183E+00 -5.040030E+00
   1.226415E+00 -5.027017E+00
   1.230878E+00 -5.001262E+00
   1.235341E+00 -4.975862E+00
   1.237572E+00 -4.963293E+00
   1.239804E+00 -4.950811E+00
   1.244267E+00 -4.926103E+00
   1.248730E+00 -4.901731E+00
   1.253193E+00 -4.877691E+00
   1.257656E+00 -4.853977E+00
   1.262119E+00 -4.830582E+00
   1.266582E+00 -4.807502E+00
   1.271045E+00 -4.784731E+00
   1.275509E+00 -4.762264E+00
   1.279972E+00 -4.740096E+00
   1.284435E+00 -4.718221E+00
   1.288898E+00 -4.696636E+00
   1.293361E+00 -4.675334E+00
   1.297824E+00 -4.654312E+00
   1.300055E+00 -4.643904E+00
   1.302287E+00 -4.633564E+00
   1.306750E+00 -4.613086E+00
   1.311213E+00 -4.592874E+00
   1.315676E+00 -4.572923E+00
   1.320139E+00 -4.553228E+00
   1.324602E+00 -4.533786E+00
   1.329065E+00 -4.514593E+00
   1.333528E+00 -4.495643E+00
   1.337991E+00 -4.476934E+00
   1.342455E+00 -4.458462E+00
   1.346918E+00 -4.440222E+00
   1.351381E+00 -4.422210E+00
   1.355844E+00 -4.404424E+00
   1.360307E+00 -4.386859E+00
   1.364770E+00 -4.369512E+00
   1.369233E+00 -4.352379E+00
   1.373696E+00 -4.335457E+00
   1.378159E+00 -4.318743E+00
   1.382622E+00 -4.302233E+00
   1.385435E+00 -4.291932E+00
   1.388247E+00 -4.281709E+00
   1.391060E+00 -4.271565E+00
   1.393873E+00 -4.261499E+00
   1.399498E+00 -4.241594E+00
   1.402310E+00 -4.231755E+00
   1.405123E+00 -4.221991E+00
   1.410748E+00 -4.202681E+00
   1.413561E+00 -4.193135E+00
   1.416373E+00 -4.183661E+00
   1.419186E+00 -4.174257E+00
   1.421998E+00 -4.164923E+00
   1.427624E+00 -4.146462E+00
   1.430436E+00 -4.137335E+00
   1.433249E+00 -4.128274E+00
   1.436061E+00 -4.119280E+00
   1.438874E+00 -4.110352E+00
   1.444499E+00 -4.092692E+00
   1.450124E+00 -4.075287E+00
   1.455749E+00 -4.058134E+00
   1.461375E+00 -4.041228E+00
   1.467000E+00 -4.024563E+00
   1.472625E+00 -4.008136E+00
   1.478250E+00 -3.991940E+00
   1.481063E+00 -3.983929E+00
   1.483875E+00 -3.975973E+00
   1.489501E+00 -3.960230E+00
   1.495126E+00 -3.944706E+00
   1.500751E+00 -3.929397E+00
   1.506376E+00 -3.914300E+00
   1.512001E+00 -3.899410E+00
   1.517626E+00 -3.884723E+00
   1.523252E+00 -3.870236E+00
   1.528877E+00 -3.855944E+00
   1.534502E+00 -3.841845E+00
   1.540127E+00 -3.827934E+00
   1.545752E+00 -3.814208E+00
   1.551377E+00 -3.800664E+00
   1.557003E+00 -3.787298E+00
   1.559815E+00 -3.780681E+00
   1.562628E+00 -3.774107E+00
   1.568253E+00 -3.761088E+00
   1.573878E+00 -3.748237E+00
   1.579503E+00 -3.735552E+00
   1.585128E+00 -3.723030E+00
   1.590754E+00 -3.710667E+00
   1.596379E+00 -3.698461E+00
   1.602004E+00 -3.686409E+00
   1.607629E+00 -3.674508E+00
   1.613254E+00 -3.662756E+00
   1.618880E+00 -3.651149E+00
   1.624505E+00 -3.639685E+00
   1.630130E+00 -3.628362E+00
   1.635755E+00 -3.617178E+00
   1.641380E+00 -3.606129E+00
   1.647005E+00 -3.595213E+00
   1.652631E+00 -3.584428E+00
   1.658256E+00 -3.573772E+00
   1.661068E+00 -3.568491E+00
   1.663881E+00 -3.563242E+00
   1.669506E+00 -3.552836E+00
   1.675131E+00 -3.542553E+00
   1.680756E+00 -3.532389E+00
   1.686382E+00 -3.522343E+00
   1.692007E+00 -3.512413E+00
   1.697632E+00 -3.502597E+00
   1.703257E+00 -3.492893E+00
   1.708882E+00 -3.483299E+00
   1.714508E+00 -3.473813E+00
   1.720133E+00 -3.464434E+00
   1.725758E+00 -3.455159E+00
   1.731383E+00 -3.445986E+00
   1.737008E+00 -3.436915E+00
   1.742633E+00 -3.427943E+00
   1.749723E+00 -3.416773E+00
   1.756813E+00 -3.405756E+00
   1.763903E+00 -3.394887E+00
   1.767448E+00 -3.389508E+00
   1.770993E+00 -3.384164E+00
   1.778083E+00 -3.373584E+00
   1.785173E+00 -3.363144E+00
   1.792263E+00 -3.352840E+00
   1.799352E+00 -3.342670E+00
   1.806442E+00 -3.332632E+00
   1.809987E+00 -3.327661E+00
   1.813532E+00 -3.322723E+00
   1.820622E+00 -3.312939E+00
   1.827712E+00 -3.303279E+00
   1.834802E+00 -3.293740E+00
   1.841892E+00 -3.284320E+00
   1.848982E+00 -3.275016E+00
   1.852526E+00 -3.270407E+00
   1.856071E+00 -3.265827E+00
   1.863161E+00 -3.256749E+00
   1.870251E+00 -3.247780E+00
   1.877341E+00 -3.238920E+00
   1.884431E+00 -3.230164E+00
   1.891521E+00 -3.221512E+00
   1.895066E+00 -3.217224E+00
   1.898611E+00 -3.212961E+00
   1.905701E+00 -3.204510E+00
   1.912790E+00 -3.196157E+00
   1.919880E+00 -3.187899E+00
   1.926970E+00 -3.179735E+00
   1.934060E+00 -3.171663E+00
   1.941150E+00 -3.163682E+00
   1.948240E+00 -3.155789E+00
   1.955330E+00 -3.147983E+00
   1.962420E+00 -3.140263E+00
   1.969509E+00 -3.132627E+00
   1.976599E+00 -3.125074E+00
   1.983689E+00 -3.117601E+00
   1.990779E+00 -3.110208E+00
   1.994324E+00 -3.106540E+00
   1.997869E+00 -3.102892E+00
   2.004959E+00 -3.095654E+00
   2.012049E+00 -3.088491E+00
   2.019139E+00 -3.081401E+00
   2.026228E+00 -3.074385E+00
   2.033318E+00 -3.067439E+00
   2.040408E+00 -3.060564E+00
   2.047498E+00 -3.053758E+00
   2.054588E+00 -3.047020E+00
   2.061678E+00 -3.040348E+00
   2.068768E+00 -3.033742E+00
   2.075858E+00 -3.027200E+00
   2.082947E+00 -3.020721E+00
   2.090037E+00 -3.014304E+00
   2.097127E+00 -3.007949E+00
   2.111307E+00 -2.995418E+00
   2.118397E+00 -2.989240E+00
   2.125487E+00 -2.983120E+00
   2.132576E+00 -2.977056E+00
   2.139666E+00 -2.971047E+00
   2.146756E+00 -2.965093E+00
   2.153846E+00 -2.959193E+00
   2.160936E+00 -2.953345E+00
   2.168026E+00 -2.947550E+00
   2.175116E+00 -2.941805E+00
   2.182206E+00 -2.936111E+00
   2.189295E+00 -2.930467E+00
   2.196385E+00 -2.924872E+00
   2.205321E+00 -2.917888E+00
   2.214257E+00 -2.910979E+00
   2.223193E+00 -2.904144E+00
   2.232129E+00 -2.897380E+00
   2.241065E+00 -2.890688E+00
   2.250001E+00 -2.884066E+00
   2.258937E+00 -2.877511E+00
   2.267873E+00 -2.871024E+00
   2.276809E+00 -2.864603E+00
   2.285745E+00 -2.858246E+00
   2.294681E+00 -2.851953E+00
   2.303617E+00 -2.845723E+00
   2.312553E+00 -2.839553E+00
   2.321489E+00 -2.833444E+00
   2.330425E+00 -2.827395E+00
   2.339361E+00 -2.821403E+00
   2.348297E+00 -2.815469E+00
   2.357233E+00 -2.809591E+00
   2.366169E+00 -2.803769E+00
   2.375105E+00 -2.798001E+00
   2.384040E+00 -2.792287E+00
   2.392976E+00 -2.786626E+00
   2.401912E+00 -2.781016E+00
   2.410848E+00 -2.775458E+00
   2.428720E+00 -2.764491E+00
   2.437656E+00 -2.759082E+00
   2.446592E+00 -2.753720E+00
   2.455528E+00 -2.748406E+00
   2.464464E+00 -2.743138E+00
   2.473400E+00 -2.737916E+00
   2.482336E+00 -2.732739E+00
   2.491272E+00 -2.727607E+00
   2.500208E+00 -2.722519E+00
   2.509144E+00 -2.717474E+00
   2.518080E+00 -2.712472E+00
   2.527016E+00 -2.707512E+00
   2.535952E+00 -2.702594E+00
   2.553824E+00 -2.692879E+00
   2.562760E+00 -2.688082E+00
   2.571696E+00 -2.683324E+00
   2.580632E+00 -2.678605E+00
   2.589567E+00 -2.673924E+00
   2.607439E+00 -2.664675E+00
   2.616375E+00 -2.660106E+00
   2.625311E+00 -2.655574E+00
   2.634247E+00 -2.651077E+00
   2.643183E+00 -2.646616E+00
   2.652119E+00 -2.642190E+00
   2.661055E+00 -2.637798E+00
   2.669991E+00 -2.633441E+00
   2.678927E+00 -2.629117E+00
   2.687863E+00 -2.624826E+00
   2.696799E+00 -2.620569E+00
   2.705735E+00 -2.616344E+00
   2.714671E+00 -2.612152E+00
   2.723607E+00 -2.607991E+00
   2.732543E+00 -2.603862E+00
   2.741479E+00 -2.599763E+00
   2.750415E+00 -2.595696E+00
   2.768287E+00 -2.587652E+00
   2.779549E+00 -2.582644E+00
   2.790812E+00 -2.577683E+00
   2.802075E+00 -2.572768E+00
   2.813338E+00 -2.567898E+00
   2.824600E+00 -2.563073E+00
   2.835863E+00 -2.558292E+00
   2.847126E+00 -2.553555E+00
   2.858388E+00 -2.548861E+00
   2.869651E+00 -2.544210E+00
   2.880914E+00 -2.539600E+00
   2.892177E+00 -2.535032E+00
   2.903439E+00 -2.530505E+00
   2.925965E+00 -2.521573E+00
   2.937228E+00 -2.517166E+00
   2.948490E+00 -2.512798E+00
   2.959753E+00 -2.508469E+00
   2.971016E+00 -2.504178E+00
   2.982278E+00 -2.499924E+00
   2.993541E+00 -2.495708E+00
   3.004804E+00 -2.491529E+00
   3.016067E+00 -2.487387E+00
   3.027329E+00 -2.483280E+00
   3.038592E+00 -2.479209E+00
   3.049855E+00 -2.475174E+00
   3.061118E+00 -2.471173E+00
   3.083643E+00 -2.463275E+00
   3.094906E+00 -2.459377E+00
   3.106168E+00 -2.455512E+00
   3.117431E+00 -2.451680E+00
   3.128694E+00 -2.447881E+00
   3.151219E+00 -2.440380E+00
   3.173745E+00 -2.433006E+00
   3.185008E+00 -2.429366E+00
   3.196270E+00 -2.425757E+00
   3.207533E+00 -2.422179E+00
   3.218796E+00 -2.418630E+00
   3.241321E+00 -2.411623E+00
   3.263847E+00 -2.404733E+00
   3.286372E+00 -2.397958E+00
   3.308898E+00 -2.391297E+00
   3.331423E+00 -2.384746E+00
   3.353948E+00 -2.378304E+00
   3.376474E+00 -2.371970E+00
   3.398999E+00 -2.365740E+00
   3.421525E+00 -2.359614E+00
   3.444050E+00 -2.353589E+00
   3.466576E+00 -2.347663E+00
   3.489101E+00 -2.341835E+00
   3.503297E+00 -2.338212E+00
   3.517492E+00 -2.334627E+00
   3.531687E+00 -2.331079E+00
   3.545883E+00 -2.327568E+00
   3.574273E+00 -2.320656E+00
   3.588469E+00 -2.317253E+00
   3.602664E+00 -2.313887E+00
   3.616859E+00 -2.310555E+00
   3.631055E+00 -2.307257E+00
   3.659445E+00 -2.300765E+00
   3.687836E+00 -2.294408E+00
   3.702031E+00 -2.291278E+00
   3.716227E+00 -2.288182E+00
   3.730422E+00 -2.285117E+00
   3.744618E+00 -2.282084E+00
   3.773008E+00 -2.276113E+00
   3.801399E+00 -2.270266E+00
   3.829790E+00 -2.264540E+00
   3.858180E+00 -2.258932E+00
   3.886571E+00 -2.253441E+00
   3.914962E+00 -2.248063E+00
   3.943352E+00 -2.242797E+00
   3.971743E+00 -2.237641E+00
   4.000134E+00 -2.232591E+00
   4.028525E+00 -2.227647E+00
   4.056915E+00 -2.222805E+00
   4.085306E+00 -2.218064E+00
   4.113697E+00 -2.213422E+00
   4.142087E+00 -2.208877E+00
   4.170478E+00 -2.204427E+00
   4.198869E+00 -2.200069E+00
   4.227259E+00 -2.195803E+00
   4.255650E+00 -2.191626E+00
   4.284041E+00 -2.187537E+00
   4.312432E+00 -2.183533E+00
   4.340822E+00 -2.179614E+00
   4.369213E+00 -2.175776E+00
   4.397604E+00 -2.172020E+00
   4.415495E+00 -2.169693E+00
   4.433387E+00 -2.167398E+00
   4.451278E+00 -2.165133E+00
   4.469170E+00 -2.162898E+00
   4.504953E+00 -2.158518E+00
   4.522845E+00 -2.156372E+00
   4.540736E+00 -2.154254E+00
   4.576519E+00 -2.150103E+00
   4.612303E+00 -2.146064E+00
   4.648086E+00 -2.142131E+00
   4.683869E+00 -2.138304E+00
   4.719652E+00 -2.134579E+00
   4.737544E+00 -2.132754E+00
   4.755435E+00 -2.130954E+00
   4.791218E+00 -2.127426E+00
   4.827001E+00 -2.123993E+00
   4.862785E+00 -2.120652E+00
   4.898568E+00 -2.117400E+00
   4.934351E+00 -2.114237E+00
   4.952242E+00 -2.112687E+00
   4.970134E+00 -2.111158E+00
   5.005917E+00 -2.108163E+00
   5.041700E+00 -2.105249E+00
   5.077484E+00 -2.102413E+00
   5.113267E+00 -2.099654E+00
   5.149050E+00 -2.096971E+00
   5.166941E+00 -2.095656E+00
   5.184833E+00 -2.094359E+00
   5.220616E+00 -2.091819E+00
   5.256399E+00 -2.089348E+00
   5.292182E+00 -2.086944E+00
   5.327966E+00 -2.084606E+00
   5.363749E+00 -2.082332E+00
   5.399532E+00 -2.080119E+00
   5.435315E+00 -2.077967E+00
   5.471098E+00 -2.075874E+00
   5.506881E+00 -2.073838E+00
   5.542665E+00 -2.071858E+00
   5.565215E+00 -2.070638E+00
   5.587765E+00 -2.069439E+00
   5.610315E+00 -2.068262E+00
   5.632865E+00 -2.067104E+00
   5.677966E+00 -2.064850E+00
   5.700516E+00 -2.063752E+00
   5.723066E+00 -2.062673E+00
   5.745617E+00 -2.061613E+00
   5.768167E+00 -2.060571E+00
   5.813267E+00 -2.058542E+00
   5.858368E+00 -2.056584E+00
   5.880918E+00 -2.055630E+00
   5.903468E+00 -2.054693E+00
   5.926019E+00 -2.053772E+00
   5.948569E+00 -2.052868E+00
   5.993669E+00 -2.051106E+00
   6.038770E+00 -2.049405E+00
   6.083870E+00 -2.047763E+00
   6.128971E+00 -2.046178E+00
   6.174071E+00 -2.044649E+00
   6.219172E+00 -2.043172E+00
   6.264272E+00 -2.041747E+00
   6.309373E+00 -2.040372E+00
   6.354473E+00 -2.039044E+00
   6.399574E+00 -2.037762E+00
   6.444674E+00 -2.036526E+00
   6.489775E+00 -2.035332E+00
   6.534875E+00 -2.034180E+00
   6.579975E+00 -2.033068E+00
   6.625076E+00 -2.031995E+00
   6.670176E+00 -2.030959E+00
   6.715277E+00 -2.029959E+00
   6.760377E+00 -2.028994E+00
   6.805478E+00 -2.028063E+00
   6.850578E+00 -2.027164E+00
   6.895679E+00 -2.026297E+00
   6.940779E+00 -2.025459E+00
   6.985880E+00 -2.024651E+00
   7.014302E+00 -2.024156E+00
   7.042724E+00 -2.023672E+00
   7.071146E+00 -2.023199E+00
   7.099567E+00 -2.022736E+00
   7.156411E+00 -2.021841E+00
   7.213255E+00 -2.020985E+00
   7.270099E+00 -2.020166E+00
   7.326943E+00 -2.019383E+00
   7.383787E+00 -2.018634E+00
   7.440631E+00 -2.017917E+00
   7.497475E+00 -2.017231E+00
   7.554318E+00 -2.016575E+00
   7.611162E+00 -2.015948E+00
   7.668006E+00 -2.015347E+00
   7.724850E+00 -2.014773E+00
   7.781694E+00 -2.014223E+00
   7.838538E+00 -2.013697E+00
   7.895382E+00 -2.013193E+00
   7.952226E+00 -2.012711E+00
   8.009069E+00 -2.012250E+00
   8.065913E+00 -2.011808E+00
   8.122757E+00 -2.011386E+00
   8.179601E+00 -2.010981E+00
   8.236445E+00 -2.010593E+00
   8.293289E+00 -2.010222E+00
   8.350133E+00 -2.009866E+00
   8.406976E+00 -2.009526E+00
   8.463820E+00 -2.009199E+00
   8.520664E+00 -2.008887E+00
   8.577508E+00 -2.008587E+00
   8.634352E+00 -2.008300E+00
   8.691196E+00 -2.008025E+00
   8.748040E+00 -2.007761E+00
   8.804884E+00 -2.007508E+00
   8.876529E+00 -2.007204E+00
   8.948174E+00 -2.006915E+00
   9.019819E+00 -2.006642E+00
   9.091464E+00 -2.006382E+00
   9.163109E+00 -2.006135E+00
   9.234754E+00 -2.005901E+00
   9.306399E+00 -2.005678E+00
   9.378044E+00 -2.005467E+00
   9.449689E+00 -2.005266E+00
   9.521334E+00 -2.005074E+00
   9.592979E+00 -2.004893E+00
   9.664624E+00 -2.004720E+00
   9.736269E+00 -2.004555E+00
   9.807914E+00 -2.004398E+00
   9.879559E+00 -2.004249E+00
   9.951204E+00 -2.004106E+00
   1.002285E+01 -2.003971E+00
   1.009449E+01 -2.003841E+00
   1.016614E+01 -2.003718E+00
   1.023778E+01 -2.003600E+00
   1.030943E+01 -2.003488E+00
   1.038107E+01 -2.003381E+00
   1.045272E+01 -2.003278E+00
   1.052436E+01 -2.003180E+00
   1.059601E+01 -2.003086E+00
   1.066765E+01 -2.002997E+00
   1.073930E+01 -2.002911E+00
   1.081094E+01 -2.002829E+00
   1.088259E+01 -2.002750E+00
   1.095423E+01 -2.002675E+00
   1.102588E+01 -2.002602E+00
   1.109752E+01 -2.002533E+00
   1.118783E+01 -2.002450E+00
   1.127813E+01 -2.002370E+00
   1.136843E+01 -2.002295E+00
   1.145873E+01 -2.002223E+00
   1.154903E+01 -2.002155E+00
   1.163933E+01 -2.002090E+00
   1.172963E+01 -2.002028E+00
   1.181993E+01 -2.001969E+00
   1.191023E+01 -2.001913E+00
   1.200053E+01 -2.001859E+00
   1.209083E+01 -2.001807E+00
   1.218113E+01 -2.001758E+00
   1.227143E+01 -2.001711E+00
   1.236173E+01 -2.001665E+00
   1.245203E+01 -2.001622E+00
   1.254233E+01 -2.001580E+00
   1.272293E+01 -2.001502E+00
   1.290353E+01 -2.001429E+00
   1.308413E+01 -2.001362E+00
   1.326473E+01 -2.001300E+00
   1.344533E+01 -2.001242E+00
   1.362593E+01 -2.001188E+00
   1.380653E+01 -2.001137E+00
   1.398713E+01 -2.001090E+00
   1.421476E+01 -2.001034E+00
   1.444238E+01 -2.000983E+00
   1.467001E+01 -2.000935E+00
   1.489763E+01 -2.000891E+00
   1.512526E+01 -2.000850E+00
   1.535288E+01 -2.000811E+00
   1.558051E+01 -2.000775E+00
   1.580814E+01 -2.000741E+00
   1.603576E+01 -2.000709E+00
   1.626339E+01 -2.000679E+00
   1.649101E+01 -2.000651E+00
   1.671864E+01 -2.000624E+00
   1.694626E+01 -2.000599E+00
   1.717389E+01 -2.000575E+00
   1.740152E+01 -2.000553E+00
   1.762914E+01 -2.000531E+00
   1.791604E+01 -2.000506E+00
   1.820293E+01 -2.000482E+00
   1.848983E+01 -2.000460E+00
   1.877672E+01 -2.000439E+00
   1.906362E+01 -2.000420E+00
   1.935051E+01 -2.000401E+00
   1.963741E+01 -2.000384E+00
   1.992430E+01 -2.000368E+00
   2.049810E+01 -2.000338E+00
   2.107189E+01 -2.000311E+00
   2.164568E+01 -2.000287E+00
   2.221947E+01 -2.000265E+00
   2.294266E+01 -2.000241E+00
   2.366586E+01 -2.000219E+00
   2.438906E+01 -2.000200E+00
   2.511225E+01 -2.000184E+00
   2.583545E+01 -2.000169E+00
   2.655865E+01 -2.000155E+00
   2.728184E+01 -2.000143E+00
   2.800504E+01 -2.000132E+00
   2.891654E+01 -2.000120E+00
   2.982805E+01 -2.000110E+00
   3.073955E+01 -2.000100E+00
   3.165106E+01 -2.000092E+00
   3.256256E+01 -2.000084E+00
   3.347406E+01 -2.000077E+00
   3.438557E+01 -2.000071E+00
   3.529707E+01 -2.000066E+00
   3.644592E+01 -2.000060E+00
   3.759476E+01 -2.000055E+00
   3.874361E+01 -2.000050E+00
   3.989245E+01 -2.000046E+00
   4.104130E+01 -2.000042E+00
   4.219014E+01 -2.000039E+00
   4.333898E+01 -2.000036E+00
   4.448783E+01 -2.000033E+00
   4.593581E+01 -2.000030E+00
   4.738380E+01 -2.000027E+00
   4.883178E+01 -2.000025E+00
   5.027976E+01 -2.000023E+00
   5.317573E+01 -2.000019E+00
   5.607170E+01 -2.000016E+00
   5.972173E+01 -2.000014E+00
   6.337176E+01 -2.000011E+00
   6.702178E+01 -2.000010E+00
   7.067181E+01 -2.000008E+00
   7.527225E+01 -2.000007E+00
   7.987268E+01 -2.000006E+00
   8.447311E+01 -2.000005E+00
   8.907355E+01 -2.000004E+00
   9.487185E+01 -2.000003E+00
   1.006702E+02 -2.000003E+00
   1.064685E+02 -2.000002E+00
   1.122668E+02 -2.000002E+00
   1.195749E+02 -2.000002E+00
   1.268830E+02 -2.000001E+00
   1.341910E+02 -2.000001E+00
   1.414991E+02 -2.000001E+00
   1.599211E+02 -2.000001E+00
   1.783431E+02 -2.000001E+00
   2.015618E+02 -2.000000E+00
   2.247806E+02 -2.000000E+00
   2.540451E+02 -2.000000E+00
   2.833096E+02 -2.000000E+00
   3.201941E+02 -2.000000E+00
   3.570786E+02 -2.000000E+00
   4.500558E+02 -2.000000E+00
   5.672426E+02 -2.000000E+00
   7.149429E+02 -2.000000E+00
   9.011018E+02 -2.000000E+00
   1.135733E+03 -2.000000E+00
   1.431459E+03 -2.000000E+00
   1.804186E+03 -2.000000E+00
   2.273966E+03 -2.000000E+00
   2.866068E+03 -2.000000E+00
   3.612343E+03 -2.000000E+00
   4.552935E+03 -2.000000E+00
   5.738442E+03 -2.000000E+00
   7.232634E+03 -2.000000E+00
   9.115888E+03 -2.000000E+00
   1.148951E+04 -2.000000E+00
   1.448118E+04 -2.000000E+00
   1.825183E+04 -2.000000E+00
   2.300430E+04 -2.000000E+00
   2.899423E+04 -2.000000E+00
   3.654383E+04 -2.000000E+00
   4.605922E+04 -2.000000E+00
   5.805226E+04 -2.000000E+00
   7.316807E+04 -2.000000E+00
   9.221979E+04 -2.000000E+00
   1.162322E+05 -2.000000E+00
   1.464971E+05 -2.000000E+00
   1.846425E+05 -2.000000E+00
   2.327202E+05 -2.000000E+00
   2.933166E+05 -2.000000E+00
   3.696913E+05 -2.000000E+00
   4.659526E+05 -2.000000E+00
   5.872787E+05 -2.000000E+00
   7.401960E+05 -2.000000E+00
   9.329304E+05 -2.000000E+00
   1.175850E+06 -2.000000E+00
   1.482021E+06 -2.000000E+00
   1.867914E+06 -2.000000E+00
   2.354286E+06 -2.000000E+00
   2.967302E+06 -2.000000E+00
   3.739937E+06 -2.000000E+00
   4.713753E+06 -2.000000E+00
   5.941134E+06 -2.000000E+00
   7.488104E+06 -2.000000E+00
   9.437878E+06 -2.000000E+00
   1.189534E+07 -2.000000E+00
   1.499268E+07 -2.000000E+00
   1.889652E+07 -2.000000E+00
   2.381686E+07 -2.000000E+00
   3.001836E+07 -2.000000E+00
   3.783463E+07 -2.000000E+00
   4.768612E+07 -2.000000E+00
   6.010277E+07 -2.000000E+00
   7.575250E+07 -2.000000E+00
   9.547716E+07 -2.000000E+00
   1.203378E+08 -2.000000E+00
   1.516717E+08 -2.000000E+00
   1.911644E+08 -2.000000E+00
   2.409404E+08 -2.000000E+00
   3.036771E+08 -2.000000E+00
   3.827494E+08 -2.000000E+00
   4.824109E+08 -2.000000E+00
   6.080224E+08 -2.000000E+00
   7.663411E+08 -2.000000E+00
   9.658832E+08 -2.000000E+00
   1.217383E+09 -2.000000E+00
   1.534368E+09 -2.000000E+00
   1.933892E+09 -2.000000E+00
   2.437444E+09 -2.000000E+00
   3.072113E+09 -2.000000E+00
   3.872039E+09 -2.000000E+00
   4.880252E+09 -2.000000E+00
   6.150986E+09 -2.000000E+00
   7.752597E+09 -2.000000E+00
   9.771242E+09 -2.000000E+00
   9.900990E+09 -2.000000E+00
   1.231551E+10 -2.000000E+00
   1.552225E+10 -2.000000E+00
   1.956398E+10 -2.000000E+00
   1.980198E+10 -2.000000E+00
   2.465811E+10 -2.000000E+00
   2.970297E+10 -2.000000E+00
   3.107866E+10 -2.000000E+00
   3.917101E+10 -2.000000E+00
   3.960396E+10 -2.000000E+00
   4.937048E+10 -2.000000E+00
   4.950495E+10 -2.000000E+00
   5.940594E+10 -2.000000E+00
   6.222571E+10 -2.000000E+00
   6.930693E+10 -2.000000E+00
   7.842822E+10 -2.000000E+00
   7.920792E+10 -2.000000E+00
   8.910891E+10 -2.000000E+00
   9.884959E+10 -2.000000E+00
   9.900990E+10 -2.000000E+00
   1.089109E+11 -2.000000E+00
   1.188119E+11 -2.000000E+00
   1.245883E+11 -2.000000E+00
   1.287129E+11 -2.000000E+00
   1.386139E+11 -2.000000E+00
   1.485149E+11 -2.000000E+00
   1.570290E+11 -2.000000E+00
   1.584158E+11 -2.000000E+00
   1.683168E+11 -2.000000E+00
   1.782178E+11 -2.000000E+00
   1.881188E+11 -2.000000E+00
   1.979167E+11 -2.000000E+00
   1.980198E+11 -2.000000E+00
   2.079208E+11 -2.000000E+00
   2.178218E+11 -2.000000E+00
   2.277228E+11 -2.000000E+00
   2.376238E+11 -2.000000E+00
   2.475248E+11 -2.000000E+00
   2.494508E+11 -2.000000E+00
   2.574257E+11 -2.000000E+00
   2.673267E+11 -2.000000E+00
   2.772277E+11 -2.000000E+00
   2.871287E+11 -2.000000E+00
   2.970297E+11 -2.000000E+00
   3.069307E+11 -2.000000E+00
   3.144035E+11 -2.000000E+00
   3.168317E+11 -2.000000E+00
   3.267327E+11 -2.000000E+00
   3.366337E+11 -2.000000E+00
   3.465347E+11 -2.000000E+00
   3.564356E+11 -2.000000E+00
   3.663366E+11 -2.000000E+00
   3.762376E+11 -2.000000E+00
   3.861386E+11 -2.000000E+00
   3.960396E+11 -2.000000E+00
   3.962689E+11 -2.000000E+00
   4.059406E+11 -2.000000E+00
   4.158416E+11 -2.000000E+00
   4.257426E+11 -2.000000E+00
   4.356436E+11 -2.000000E+00
   4.455446E+11 -2.000000E+00
   4.554455E+11 -2.000000E+00
   4.653465E+11 -2.000000E+00
   4.752475E+11 -2.000000E+00
   4.851485E+11 -2.000000E+00
   4.950495E+11 -2.000000E+00
   4.994505E+11 -2.000000E+00
   5.049505E+11 -2.000000E+00
   5.148515E+11 -2.000000E+00
   5.247525E+11 -2.000000E+00
   5.346535E+11 -2.000000E+00
   5.445545E+11 -2.000000E+00
   5.544554E+11 -2.000000E+00
   5.643564E+11 -2.000000E+00
   5.742574E+11 -2.000000E+00
   5.841584E+11 -2.000000E+00
   5.940594E+11 -2.000000E+00
   6.039604E+11 -2.000000E+00
   6.138614E+11 -2.000000E+00
   6.237624E+11 -2.000000E+00
   6.294989E+11 -2.000000E+00
   6.336634E+11 -2.000000E+00
   6.435644E+11 -2.000000E+00
   6.534653E+11 -2.000000E+00
   6.633663E+11 -2.000000E+00
   6.732673E+11 -2.000000E+00
   6.831683E+11 -2.000000E+00
   6.930693E+11 -2.000000E+00
   7.029703E+11 -2.000000E+00
   7.128713E+11 -2.000000E+00
   7.227723E+11 -2.000000E+00
   7.326733E+11 -2.000000E+00
   7.425743E+11 -2.000000E+00
   7.524752E+11 -2.000000E+00
   7.623762E+11 -2.000000E+00
   7.722772E+11 -2.000000E+00
   7.821782E+11 -2.000000E+00
   7.920792E+11 -2.000000E+00
   7.934097E+11 -2.000000E+00
   8.019802E+11 -2.000000E+00
   8.118812E+11 -2.000000E+00
   8.217822E+11 -2.000000E+00
   8.316832E+11 -2.000000E+00
   8.415842E+11 -2.000000E+00
   8.514851E+11 -2.000000E+00
   8.613861E+11 -2.000000E+00
   8.712871E+11 -2.000000E+00
   8.811881E+11 -2.000000E+00
   8.910891E+11 -2.000000E+00
   9.009901E+11 -2.000000E+00
   9.108911E+11 -2.000000E+00
   9.207921E+11 -2.000000E+00
   9.306931E+11 -2.000000E+00
   9.405941E+11 -2.000000E+00
   9.504950E+11 -2.000000E+00
   9.603960E+11 -2.000000E+00
   9.702970E+11 -2.000000E+00
   9.801980E+11 -2.000000E+00
   9.900990E+11 -2.000000E+00
   9.920792E+11 -2.000000E+00
   9.940594E+11 -2.000000E+00
   9.960396E+11 -2.000000E+00
   9.980198E+11 -2.000000E+00
   1.000000E+12 -2.000000E+00
