# Potential function.
#  r             r*V(r)
   0.000000E+00 -4.090650E+01
   1.000000E-08 -4.090650E+01
   1.260383E-08 -4.090650E+01
   1.588565E-08 -4.090650E+01
   2.002200E-08 -4.090650E+01
   2.523539E-08 -4.090650E+01
   3.180626E-08 -4.090650E+01
   4.008806E-08 -4.090650E+01
   5.052631E-08 -4.090649E+01
   6.368250E-08 -4.090649E+01
   8.026434E-08 -4.090649E+01
   1.011638E-07 -4.090649E+01
   1.275051E-07 -4.090648E+01
   1.607053E-07 -4.090648E+01
   2.025502E-07 -4.090648E+01
   2.552908E-07 -4.090647E+01
   3.217642E-07 -4.090646E+01
   4.055461E-07 -4.090645E+01
   5.111433E-07 -4.090644E+01
   6.442364E-07 -4.090642E+01
   8.119845E-07 -4.090640E+01
   1.023411E-06 -4.090637E+01
   1.289890E-06 -4.090634E+01
   1.625756E-06 -4.090630E+01
   2.049075E-06 -4.090625E+01
   2.582619E-06 -4.090618E+01
   3.255089E-06 -4.090610E+01
   4.102658E-06 -4.090600E+01
   5.170920E-06 -4.090587E+01
   6.517340E-06 -4.090570E+01
   8.214344E-06 -4.090550E+01
   1.035322E-05 -4.090523E+01
   1.304902E-05 -4.090491E+01
   1.644676E-05 -4.090449E+01
   2.072922E-05 -4.090397E+01
   2.612675E-05 -4.090331E+01
   3.292971E-05 -4.090248E+01
   4.150405E-05 -4.090143E+01
   5.231099E-05 -4.090011E+01
   6.593188E-05 -4.089844E+01
   8.309942E-05 -4.089635E+01
   1.047371E-04 -4.089370E+01
   1.320088E-04 -4.089037E+01
   1.663817E-04 -4.088618E+01
   2.097046E-04 -4.088088E+01
   2.643081E-04 -4.087422E+01
   3.331295E-04 -4.086582E+01
   4.198707E-04 -4.085523E+01
   5.291979E-04 -4.084189E+01
   6.669920E-04 -4.082509E+01
   8.406653E-04 -4.080393E+01
   1.059560E-03 -4.077727E+01
   1.335452E-03 -4.074370E+01
   1.683180E-03 -4.070143E+01
   2.121452E-03 -4.064823E+01
   2.673842E-03 -4.058130E+01
   3.370064E-03 -4.049712E+01
   4.247572E-03 -4.039131E+01
   5.353567E-03 -4.025841E+01
   6.747544E-03 -4.009164E+01
   7.626017E-03 -3.998697E+01
   8.504489E-03 -3.988261E+01
   9.058095E-03 -3.981701E+01
   9.334898E-03 -3.978425E+01
   9.611701E-03 -3.975153E+01
   9.750103E-03 -3.973519E+01
   9.888504E-03 -3.971884E+01
   9.923105E-03 -3.971476E+01
   9.957705E-03 -3.971068E+01
   9.975005E-03 -3.970864E+01
   9.983655E-03 -3.970761E+01
   9.992305E-03 -3.970659E+01
   9.996630E-03 -3.970608E+01
   9.997712E-03 -3.970596E+01
   9.998793E-03 -3.970583E+01
   9.999334E-03 -3.970576E+01
   9.999401E-03 -3.970576E+01
   9.999469E-03 -3.970575E+01
   9.999536E-03 -3.970574E+01
   9.999604E-03 -3.970573E+01
   9.999671E-03 -3.970572E+01
   9.999739E-03 -3.970572E+01
   9.999807E-03 -3.970571E+01
   9.999874E-03 -3.970570E+01
   9.999942E-03 -3.970569E+01
   1.000001E-02 -3.679921E+01
   1.000008E-02 -3.679920E+01
   1.000014E-02 -3.679919E+01
   1.000021E-02 -3.679919E+01
   1.000028E-02 -3.679918E+01
   1.000035E-02 -3.679917E+01
   1.000041E-02 -3.679916E+01
   1.000048E-02 -3.679915E+01
   1.000055E-02 -3.679915E+01
   1.000062E-02 -3.679914E+01
   1.000069E-02 -3.679913E+01
   1.000096E-02 -3.679910E+01
   1.000204E-02 -3.679897E+01
   1.000312E-02 -3.679884E+01
   1.000528E-02 -3.679859E+01
   1.000961E-02 -3.679808E+01
   1.001826E-02 -3.679706E+01
   1.002691E-02 -3.679604E+01
   1.004421E-02 -3.679400E+01
   1.006151E-02 -3.679196E+01
   1.009611E-02 -3.678787E+01
   1.016531E-02 -3.677971E+01
   1.030371E-02 -3.676340E+01
   1.044211E-02 -3.674709E+01
   1.071891E-02 -3.671450E+01
   1.141667E-02 -3.663248E+01
   1.211442E-02 -3.655066E+01
   1.350994E-02 -3.638763E+01
   1.526881E-02 -3.618329E+01
   1.702769E-02 -3.598020E+01
   1.924455E-02 -3.572603E+01
   2.146141E-02 -3.547383E+01
   2.285846E-02 -3.531590E+01
   2.425550E-02 -3.515876E+01
   2.565255E-02 -3.500238E+01
   2.704960E-02 -3.484678E+01
   2.881041E-02 -3.465175E+01
   2.969082E-02 -3.455470E+01
   3.057122E-02 -3.445794E+01
   3.145163E-02 -3.436148E+01
   3.233204E-02 -3.426533E+01
   3.409285E-02 -3.407392E+01
   3.520250E-02 -3.395391E+01
   3.631215E-02 -3.383437E+01
   3.742180E-02 -3.371530E+01
   3.853145E-02 -3.359670E+01
   3.964110E-02 -3.347856E+01
   4.075075E-02 -3.336089E+01
   4.186040E-02 -3.324369E+01
   4.297005E-02 -3.312695E+01
   4.436863E-02 -3.298046E+01
   4.576721E-02 -3.283471E+01
   4.716580E-02 -3.268968E+01
   4.856438E-02 -3.254538E+01
   4.996296E-02 -3.240179E+01
   5.136155E-02 -3.225892E+01
   5.206084E-02 -3.218776E+01
   5.276013E-02 -3.211677E+01
   5.415871E-02 -3.197532E+01
   5.592146E-02 -3.179806E+01
   5.768421E-02 -3.162191E+01
   5.944697E-02 -3.144688E+01
   6.120972E-02 -3.127295E+01
   6.297247E-02 -3.110012E+01
   6.473522E-02 -3.092839E+01
   6.561659E-02 -3.084293E+01
   6.649797E-02 -3.075775E+01
   6.737934E-02 -3.067283E+01
   6.826072E-02 -3.058819E+01
   6.937159E-02 -3.048189E+01
   7.048246E-02 -3.037602E+01
   7.159333E-02 -3.027057E+01
   7.270420E-02 -3.016554E+01
   7.381507E-02 -3.006094E+01
   7.492594E-02 -2.995676E+01
   7.714768E-02 -2.974966E+01
   7.825855E-02 -2.964673E+01
   7.936942E-02 -2.954422E+01
   8.048029E-02 -2.944213E+01
   8.159116E-02 -2.934045E+01
   8.270203E-02 -2.923918E+01
   8.381290E-02 -2.913832E+01
   8.492377E-02 -2.903787E+01
   8.603464E-02 -2.893782E+01
   8.743477E-02 -2.881231E+01
   8.883489E-02 -2.868744E+01
   9.023501E-02 -2.856321E+01
   9.163513E-02 -2.843961E+01
   9.443538E-02 -2.819433E+01
   9.583550E-02 -2.807263E+01
   9.723562E-02 -2.795156E+01
   9.863574E-02 -2.783112E+01
   1.000359E-01 -2.771130E+01
   1.014360E-01 -2.759210E+01
   1.028361E-01 -2.747351E+01
   1.035362E-01 -2.741445E+01
   1.042362E-01 -2.735555E+01
   1.056364E-01 -2.723819E+01
   1.070365E-01 -2.712144E+01
   1.084366E-01 -2.700531E+01
   1.093189E-01 -2.693243E+01
   1.102013E-01 -2.685979E+01
   1.119660E-01 -2.671523E+01
   1.137307E-01 -2.657162E+01
   1.154954E-01 -2.642896E+01
   1.163777E-01 -2.635798E+01
   1.172600E-01 -2.628724E+01
   1.181424E-01 -2.621674E+01
   1.190247E-01 -2.614646E+01
   1.207894E-01 -2.600662E+01
   1.225541E-01 -2.586770E+01
   1.234365E-01 -2.579859E+01
   1.243188E-01 -2.572970E+01
   1.252012E-01 -2.566105E+01
   1.260835E-01 -2.559263E+01
   1.278482E-01 -2.545647E+01
   1.296129E-01 -2.532122E+01
   1.313776E-01 -2.518688E+01
   1.331423E-01 -2.505344E+01
   1.349069E-01 -2.492089E+01
   1.357893E-01 -2.485496E+01
   1.366716E-01 -2.478924E+01
   1.377837E-01 -2.470674E+01
   1.388958E-01 -2.462458E+01
   1.400079E-01 -2.454278E+01
   1.411200E-01 -2.446132E+01
   1.422321E-01 -2.438021E+01
   1.433442E-01 -2.429945E+01
   1.444563E-01 -2.421904E+01
   1.455684E-01 -2.413898E+01
   1.466805E-01 -2.405925E+01
   1.477926E-01 -2.397987E+01
   1.489047E-01 -2.390084E+01
   1.500167E-01 -2.382214E+01
   1.511288E-01 -2.374379E+01
   1.522409E-01 -2.366578E+01
   1.544651E-01 -2.351076E+01
   1.555772E-01 -2.343376E+01
   1.566893E-01 -2.335709E+01
   1.578014E-01 -2.328076E+01
   1.589135E-01 -2.320476E+01
   1.600256E-01 -2.312909E+01
   1.611377E-01 -2.305376E+01
   1.622498E-01 -2.297875E+01
   1.633619E-01 -2.290408E+01
   1.644739E-01 -2.282973E+01
   1.655860E-01 -2.275571E+01
   1.666981E-01 -2.268202E+01
   1.678102E-01 -2.260866E+01
   1.700344E-01 -2.246290E+01
   1.711465E-01 -2.239050E+01
   1.722586E-01 -2.231843E+01
   1.736603E-01 -2.222805E+01
   1.750619E-01 -2.213818E+01
   1.764636E-01 -2.204881E+01
   1.778652E-01 -2.195995E+01
   1.792669E-01 -2.187159E+01
   1.806686E-01 -2.178373E+01
   1.820702E-01 -2.169637E+01
   1.834719E-01 -2.160951E+01
   1.841727E-01 -2.156626E+01
   1.848736E-01 -2.152314E+01
   1.862752E-01 -2.143727E+01
   1.876769E-01 -2.135189E+01
   1.890785E-01 -2.126700E+01
   1.904802E-01 -2.118259E+01
   1.918819E-01 -2.109868E+01
   1.932835E-01 -2.101525E+01
   1.946852E-01 -2.093230E+01
   1.960869E-01 -2.084984E+01
   1.967877E-01 -2.080878E+01
   1.974885E-01 -2.076785E+01
   1.988902E-01 -2.068635E+01
   2.002918E-01 -2.060532E+01
   2.016935E-01 -2.052476E+01
   2.030952E-01 -2.044468E+01
   2.044968E-01 -2.036507E+01
   2.058985E-01 -2.028593E+01
   2.073002E-01 -2.020726E+01
   2.087018E-01 -2.012906E+01
   2.101035E-01 -2.005132E+01
   2.115051E-01 -1.997405E+01
   2.129068E-01 -1.989723E+01
   2.143085E-01 -1.982088E+01
   2.157101E-01 -1.974499E+01
   2.171118E-01 -1.966956E+01
   2.188784E-01 -1.957513E+01
   2.197617E-01 -1.952818E+01
   2.206451E-01 -1.948142E+01
   2.215284E-01 -1.943484E+01
   2.224117E-01 -1.938843E+01
   2.241783E-01 -1.929616E+01
   2.259450E-01 -1.920460E+01
   2.268283E-01 -1.915909E+01
   2.277116E-01 -1.911375E+01
   2.285949E-01 -1.906859E+01
   2.294782E-01 -1.902360E+01
   2.312448E-01 -1.893416E+01
   2.321282E-01 -1.888970E+01
   2.330115E-01 -1.884542E+01
   2.338948E-01 -1.880131E+01
   2.347781E-01 -1.875738E+01
   2.365447E-01 -1.867003E+01
   2.383114E-01 -1.858337E+01
   2.391947E-01 -1.854030E+01
   2.400780E-01 -1.849740E+01
   2.409613E-01 -1.845468E+01
   2.418446E-01 -1.841212E+01
   2.436113E-01 -1.832752E+01
   2.453779E-01 -1.824360E+01
   2.471445E-01 -1.816036E+01
   2.480278E-01 -1.811900E+01
   2.489112E-01 -1.807780E+01
   2.506778E-01 -1.799591E+01
   2.524444E-01 -1.791468E+01
   2.533277E-01 -1.787432E+01
   2.542111E-01 -1.783413E+01
   2.550944E-01 -1.779410E+01
   2.559777E-01 -1.775423E+01
   2.577443E-01 -1.767500E+01
   2.595109E-01 -1.759643E+01
   2.612776E-01 -1.751852E+01
   2.630442E-01 -1.744126E+01
   2.639275E-01 -1.740287E+01
   2.648108E-01 -1.736465E+01
   2.665775E-01 -1.728869E+01
   2.674608E-01 -1.725095E+01
   2.683441E-01 -1.721337E+01
   2.692274E-01 -1.717596E+01
   2.701107E-01 -1.713870E+01
   2.718774E-01 -1.706467E+01
   2.736440E-01 -1.699128E+01
   2.747573E-01 -1.694535E+01
   2.758706E-01 -1.689968E+01
   2.769839E-01 -1.685426E+01
   2.780973E-01 -1.680909E+01
   2.803239E-01 -1.671950E+01
   2.814372E-01 -1.667508E+01
   2.825505E-01 -1.663091E+01
   2.836638E-01 -1.658698E+01
   2.847772E-01 -1.654331E+01
   2.858905E-01 -1.649987E+01
   2.870038E-01 -1.645669E+01
   2.881171E-01 -1.641375E+01
   2.892304E-01 -1.637105E+01
   2.903437E-01 -1.632860E+01
   2.914571E-01 -1.628639E+01
   2.925704E-01 -1.624443E+01
   2.936837E-01 -1.620271E+01
   2.959103E-01 -1.611999E+01
   2.970236E-01 -1.607899E+01
   2.981370E-01 -1.603823E+01
   2.992503E-01 -1.599771E+01
   3.003636E-01 -1.595743E+01
   3.014769E-01 -1.591739E+01
   3.025902E-01 -1.587759E+01
   3.037035E-01 -1.583802E+01
   3.048168E-01 -1.579869E+01
   3.070435E-01 -1.572074E+01
   3.081568E-01 -1.568211E+01
   3.092701E-01 -1.564372E+01
   3.114967E-01 -1.556765E+01
   3.126101E-01 -1.552996E+01
   3.137234E-01 -1.549250E+01
   3.148367E-01 -1.545527E+01
   3.159500E-01 -1.541828E+01
   3.181766E-01 -1.534498E+01
   3.192900E-01 -1.530867E+01
   3.204033E-01 -1.527260E+01
   3.215166E-01 -1.523675E+01
   3.226299E-01 -1.520113E+01
   3.248565E-01 -1.513057E+01
   3.270832E-01 -1.506092E+01
   3.281965E-01 -1.502643E+01
   3.293098E-01 -1.499216E+01
   3.304231E-01 -1.495812E+01
   3.315364E-01 -1.492430E+01
   3.337631E-01 -1.485733E+01
   3.348764E-01 -1.482418E+01
   3.359897E-01 -1.479125E+01
   3.371030E-01 -1.475855E+01
   3.382163E-01 -1.472606E+01
   3.393296E-01 -1.469379E+01
   3.404430E-01 -1.466174E+01
   3.415563E-01 -1.462991E+01
   3.426696E-01 -1.459829E+01
   3.437829E-01 -1.456690E+01
   3.448962E-01 -1.453572E+01
   3.462994E-01 -1.449673E+01
   3.477026E-01 -1.445808E+01
   3.491058E-01 -1.441978E+01
   3.505090E-01 -1.438181E+01
   3.519122E-01 -1.434419E+01
   3.533155E-01 -1.430690E+01
   3.547187E-01 -1.426995E+01
   3.561219E-01 -1.423334E+01
   3.575251E-01 -1.419706E+01
   3.589283E-01 -1.416112E+01
   3.603315E-01 -1.412551E+01
   3.617347E-01 -1.409023E+01
   3.645411E-01 -1.402066E+01
   3.659443E-01 -1.398637E+01
   3.673475E-01 -1.395241E+01
   3.701539E-01 -1.388547E+01
   3.715571E-01 -1.385248E+01
   3.729603E-01 -1.381982E+01
   3.757667E-01 -1.375547E+01
   3.771699E-01 -1.372377E+01
   3.785731E-01 -1.369239E+01
   3.799763E-01 -1.366133E+01
   3.813795E-01 -1.363058E+01
   3.827827E-01 -1.360016E+01
   3.841860E-01 -1.357004E+01
   3.855892E-01 -1.354024E+01
   3.869924E-01 -1.351075E+01
   3.883956E-01 -1.348157E+01
   3.897988E-01 -1.345271E+01
   3.912020E-01 -1.342415E+01
   3.926052E-01 -1.339590E+01
   3.940084E-01 -1.336795E+01
   3.954116E-01 -1.334032E+01
   3.982180E-01 -1.328595E+01
   4.010244E-01 -1.323279E+01
   4.024276E-01 -1.320667E+01
   4.038308E-01 -1.318084E+01
   4.052340E-01 -1.315530E+01
   4.066372E-01 -1.313007E+01
   4.122500E-01 -1.303206E+01
   4.136532E-01 -1.300828E+01
   4.150565E-01 -1.298480E+01
   4.164597E-01 -1.296160E+01
   4.178629E-01 -1.293869E+01
   4.206693E-01 -1.289371E+01
   4.234757E-01 -1.284987E+01
   4.248789E-01 -1.282837E+01
   4.262821E-01 -1.280715E+01
   4.276853E-01 -1.278621E+01
   4.290885E-01 -1.276554E+01
   4.318949E-01 -1.272503E+01
   4.347013E-01 -1.268560E+01
   4.382385E-01 -1.263744E+01
   4.417756E-01 -1.259096E+01
   4.435442E-01 -1.256835E+01
   4.453128E-01 -1.254615E+01
   4.470813E-01 -1.252437E+01
   4.488499E-01 -1.250299E+01
   4.506185E-01 -1.248201E+01
   4.523871E-01 -1.246143E+01
   4.541556E-01 -1.244126E+01
   4.559242E-01 -1.242148E+01
   4.594614E-01 -1.238309E+01
   4.612299E-01 -1.236447E+01
   4.629985E-01 -1.234624E+01
   4.647671E-01 -1.232839E+01
   4.665357E-01 -1.231091E+01
   4.683042E-01 -1.229380E+01
   4.700728E-01 -1.227707E+01
   4.718414E-01 -1.226070E+01
   4.736100E-01 -1.224469E+01
   4.753785E-01 -1.222904E+01
   4.771471E-01 -1.221374E+01
   4.789157E-01 -1.219880E+01
   4.806843E-01 -1.218420E+01
   4.824528E-01 -1.216995E+01
   4.842214E-01 -1.215604E+01
   4.859900E-01 -1.214247E+01
   4.877586E-01 -1.212923E+01
   4.895271E-01 -1.211631E+01
   4.912957E-01 -1.210373E+01
   4.930643E-01 -1.209146E+01
   4.948329E-01 -1.207951E+01
   4.966014E-01 -1.206788E+01
   4.983700E-01 -1.205655E+01
   5.001386E-01 -1.204553E+01
   5.019072E-01 -1.203481E+01
   5.036757E-01 -1.202438E+01
   5.054443E-01 -1.201425E+01
   5.072129E-01 -1.200440E+01
   5.089815E-01 -1.199484E+01
   5.107500E-01 -1.198556E+01
   5.125186E-01 -1.197655E+01
   5.142872E-01 -1.196782E+01
   5.160558E-01 -1.195934E+01
   5.195929E-01 -1.194318E+01
   5.213615E-01 -1.193547E+01
   5.231301E-01 -1.192802E+01
   5.248986E-01 -1.192080E+01
   5.266672E-01 -1.191383E+01
   5.284358E-01 -1.190708E+01
   5.302044E-01 -1.190056E+01
   5.319729E-01 -1.189426E+01
   5.337415E-01 -1.188819E+01
   5.355101E-01 -1.188232E+01
   5.372787E-01 -1.187666E+01
   5.390472E-01 -1.187120E+01
   5.408158E-01 -1.186594E+01
   5.425844E-01 -1.186086E+01
   5.443530E-01 -1.185598E+01
   5.461215E-01 -1.185127E+01
   5.478901E-01 -1.184674E+01
   5.501192E-01 -1.184127E+01
   5.523483E-01 -1.183606E+01
   5.545774E-01 -1.183109E+01
   5.568064E-01 -1.182636E+01
   5.590355E-01 -1.182185E+01
   5.612646E-01 -1.181755E+01
   5.634937E-01 -1.181345E+01
   5.657228E-01 -1.180955E+01
   5.679519E-01 -1.180582E+01
   5.701809E-01 -1.180225E+01
   5.724100E-01 -1.179883E+01
   5.746391E-01 -1.179556E+01
   5.768682E-01 -1.179241E+01
   5.790973E-01 -1.178938E+01
   5.813263E-01 -1.178646E+01
   5.835554E-01 -1.178362E+01
   5.857845E-01 -1.178086E+01
   5.880136E-01 -1.177817E+01
   5.902427E-01 -1.177553E+01
   5.924718E-01 -1.177293E+01
   5.947008E-01 -1.177036E+01
   5.969299E-01 -1.176780E+01
   5.980445E-01 -1.176652E+01
   5.991590E-01 -1.176524E+01
   6.013881E-01 -1.176267E+01
   6.036172E-01 -1.176008E+01
   6.058462E-01 -1.175745E+01
   6.080753E-01 -1.175477E+01
   6.103044E-01 -1.175202E+01
   6.125335E-01 -1.174920E+01
   6.147626E-01 -1.174629E+01
   6.169917E-01 -1.174328E+01
   6.192207E-01 -1.174015E+01
   6.214498E-01 -1.173689E+01
   6.236789E-01 -1.173350E+01
   6.259080E-01 -1.172995E+01
   6.281371E-01 -1.172623E+01
   6.303661E-01 -1.172233E+01
   6.325952E-01 -1.171824E+01
   6.348243E-01 -1.171395E+01
   6.370534E-01 -1.170944E+01
   6.392825E-01 -1.170469E+01
   6.415116E-01 -1.169971E+01
   6.437406E-01 -1.169448E+01
   6.459697E-01 -1.168897E+01
   6.481988E-01 -1.168319E+01
   6.504279E-01 -1.167713E+01
   6.526570E-01 -1.167076E+01
   6.548860E-01 -1.166408E+01
   6.571151E-01 -1.165707E+01
   6.593442E-01 -1.164973E+01
   6.604587E-01 -1.164593E+01
   6.615733E-01 -1.164205E+01
   6.626878E-01 -1.163807E+01
   6.638024E-01 -1.163401E+01
   6.649169E-01 -1.162985E+01
   6.660315E-01 -1.162560E+01
   6.671460E-01 -1.162126E+01
   6.682605E-01 -1.161682E+01
   6.693751E-01 -1.161228E+01
   6.704896E-01 -1.160765E+01
   6.716042E-01 -1.160292E+01
   6.727187E-01 -1.159808E+01
   6.738332E-01 -1.159315E+01
   6.749478E-01 -1.158812E+01
   6.760623E-01 -1.158298E+01
   6.771769E-01 -1.157773E+01
   6.782914E-01 -1.157238E+01
   6.794059E-01 -1.156693E+01
   6.805205E-01 -1.156136E+01
   6.816350E-01 -1.155569E+01
   6.827496E-01 -1.154991E+01
   6.838641E-01 -1.154401E+01
   6.849786E-01 -1.153801E+01
   6.860932E-01 -1.153189E+01
   6.872077E-01 -1.152565E+01
   6.883223E-01 -1.151931E+01
   6.894368E-01 -1.151284E+01
   6.905514E-01 -1.150627E+01
   6.919561E-01 -1.149781E+01
   6.933608E-01 -1.148916E+01
   6.947656E-01 -1.148032E+01
   6.961703E-01 -1.147129E+01
   6.975751E-01 -1.146207E+01
   6.989798E-01 -1.145266E+01
   7.003846E-01 -1.144305E+01
   7.017893E-01 -1.143324E+01
   7.031941E-01 -1.142324E+01
   7.045988E-01 -1.141303E+01
   7.053012E-01 -1.140786E+01
   7.060036E-01 -1.140263E+01
   7.074083E-01 -1.139202E+01
   7.088131E-01 -1.138121E+01
   7.095155E-01 -1.137573E+01
   7.102178E-01 -1.137020E+01
   7.116226E-01 -1.135899E+01
   7.130273E-01 -1.134757E+01
   7.144321E-01 -1.133594E+01
   7.158368E-01 -1.132411E+01
   7.172416E-01 -1.131207E+01
   7.186463E-01 -1.129982E+01
   7.200511E-01 -1.128737E+01
   7.214558E-01 -1.127471E+01
   7.228606E-01 -1.126184E+01
   7.242653E-01 -1.124875E+01
   7.256701E-01 -1.123547E+01
   7.270748E-01 -1.122197E+01
   7.284796E-01 -1.120826E+01
   7.298843E-01 -1.119434E+01
   7.312891E-01 -1.118021E+01
   7.326938E-01 -1.116588E+01
   7.340985E-01 -1.115133E+01
   7.355033E-01 -1.113658E+01
   7.369080E-01 -1.112162E+01
   7.383128E-01 -1.110645E+01
   7.397175E-01 -1.109107E+01
   7.411223E-01 -1.107549E+01
   7.425270E-01 -1.105970E+01
   7.439318E-01 -1.104370E+01
   7.453365E-01 -1.102750E+01
   7.467413E-01 -1.101110E+01
   7.481460E-01 -1.099449E+01
   7.495508E-01 -1.097768E+01
   7.509555E-01 -1.096067E+01
   7.523603E-01 -1.094346E+01
   7.537650E-01 -1.092606E+01
   7.551698E-01 -1.090845E+01
   7.565745E-01 -1.089065E+01
   7.579793E-01 -1.087265E+01
   7.593840E-01 -1.085447E+01
   7.607888E-01 -1.083609E+01
   7.614911E-01 -1.082682E+01
   7.621935E-01 -1.081752E+01
   7.635983E-01 -1.079876E+01
   7.650030E-01 -1.077981E+01
   7.664078E-01 -1.076068E+01
   7.678125E-01 -1.074137E+01
   7.692173E-01 -1.072187E+01
   7.699196E-01 -1.071206E+01
   7.706220E-01 -1.070220E+01
   7.720268E-01 -1.068235E+01
   7.734315E-01 -1.066232E+01
   7.741339E-01 -1.065224E+01
   7.748363E-01 -1.064212E+01
   7.762410E-01 -1.062175E+01
   7.776457E-01 -1.060121E+01
   7.790505E-01 -1.058050E+01
   7.804552E-01 -1.055963E+01
   7.818600E-01 -1.053860E+01
   7.832647E-01 -1.051741E+01
   7.846695E-01 -1.049606E+01
   7.860742E-01 -1.047456E+01
   7.874790E-01 -1.045290E+01
   7.888837E-01 -1.043110E+01
   7.902885E-01 -1.040915E+01
   7.916932E-01 -1.038705E+01
   7.930980E-01 -1.036482E+01
   7.945027E-01 -1.034244E+01
   7.959075E-01 -1.031993E+01
   7.973122E-01 -1.029729E+01
   7.987170E-01 -1.027452E+01
   8.001217E-01 -1.025162E+01
   8.015265E-01 -1.022860E+01
   8.029312E-01 -1.020545E+01
   8.043360E-01 -1.018219E+01
   8.057407E-01 -1.015881E+01
   8.071455E-01 -1.013532E+01
   8.085502E-01 -1.011172E+01
   8.099550E-01 -1.008802E+01
   8.113597E-01 -1.006421E+01
   8.127645E-01 -1.004031E+01
   8.141692E-01 -1.001630E+01
   8.169787E-01 -9.968021E+00
   8.197882E-01 -9.919390E+00
   8.225977E-01 -9.870438E+00
   8.254072E-01 -9.821188E+00
   8.268119E-01 -9.796461E+00
   8.282167E-01 -9.771668E+00
   8.296214E-01 -9.746815E+00
   8.310262E-01 -9.721903E+00
   8.324309E-01 -9.696937E+00
   8.338357E-01 -9.671919E+00
   8.352404E-01 -9.646852E+00
   8.366452E-01 -9.621740E+00
   8.380499E-01 -9.596586E+00
   8.394547E-01 -9.571393E+00
   8.408594E-01 -9.546165E+00
   8.422642E-01 -9.520903E+00
   8.436689E-01 -9.495612E+00
   8.450737E-01 -9.470295E+00
   8.464784E-01 -9.444954E+00
   8.478832E-01 -9.419593E+00
   8.492879E-01 -9.394214E+00
   8.506927E-01 -9.368821E+00
   8.520974E-01 -9.343417E+00
   8.535022E-01 -9.318005E+00
   8.549069E-01 -9.292587E+00
   8.563117E-01 -9.267166E+00
   8.577164E-01 -9.241746E+00
   8.591211E-01 -9.216329E+00
   8.605259E-01 -9.190918E+00
   8.619306E-01 -9.165516E+00
   8.633354E-01 -9.140125E+00
   8.647401E-01 -9.114748E+00
   8.661449E-01 -9.089388E+00
   8.675496E-01 -9.064048E+00
   8.689544E-01 -9.038730E+00
   8.703591E-01 -9.013436E+00
   8.721297E-01 -8.981595E+00
   8.739002E-01 -8.949802E+00
   8.756707E-01 -8.918062E+00
   8.774412E-01 -8.886380E+00
   8.792117E-01 -8.854760E+00
   8.809823E-01 -8.823206E+00
   8.827528E-01 -8.791724E+00
   8.836380E-01 -8.776011E+00
   8.845233E-01 -8.760317E+00
   8.862938E-01 -8.728989E+00
   8.880643E-01 -8.697745E+00
   8.898349E-01 -8.666589E+00
   8.916054E-01 -8.635524E+00
   8.924906E-01 -8.620027E+00
   8.933759E-01 -8.604554E+00
   8.942612E-01 -8.589105E+00
   8.951464E-01 -8.573682E+00
   8.969169E-01 -8.542913E+00
   8.986875E-01 -8.512249E+00
   9.004580E-01 -8.481694E+00
   9.022285E-01 -8.451250E+00
   9.039990E-01 -8.420922E+00
   9.048843E-01 -8.405801E+00
   9.057696E-01 -8.390711E+00
   9.075401E-01 -8.360620E+00
   9.093106E-01 -8.330653E+00
   9.110811E-01 -8.300811E+00
   9.128516E-01 -8.271097E+00
   9.146222E-01 -8.241513E+00
   9.155074E-01 -8.226770E+00
   9.163927E-01 -8.212062E+00
   9.181632E-01 -8.182745E+00
   9.199337E-01 -8.153564E+00
   9.217042E-01 -8.124522E+00
   9.234748E-01 -8.095621E+00
   9.252453E-01 -8.066861E+00
   9.270158E-01 -8.038244E+00
   9.287863E-01 -8.009772E+00
   9.305568E-01 -7.981446E+00
   9.323274E-01 -7.953267E+00
   9.340979E-01 -7.925236E+00
   9.358684E-01 -7.897356E+00
   9.376389E-01 -7.869625E+00
   9.394094E-01 -7.842046E+00
   9.411800E-01 -7.814619E+00
   9.429505E-01 -7.787345E+00
   9.447210E-01 -7.760225E+00
   9.464915E-01 -7.733258E+00
   9.482621E-01 -7.706446E+00
   9.500326E-01 -7.679789E+00
   9.518031E-01 -7.653287E+00
   9.535736E-01 -7.626940E+00
   9.553441E-01 -7.600749E+00
   9.571147E-01 -7.574713E+00
   9.588852E-01 -7.548834E+00
   9.606557E-01 -7.523110E+00
   9.624262E-01 -7.497542E+00
   9.641967E-01 -7.472129E+00
   9.659673E-01 -7.446872E+00
   9.677378E-01 -7.421770E+00
   9.695083E-01 -7.396823E+00
   9.712788E-01 -7.372031E+00
   9.730493E-01 -7.347392E+00
   9.748199E-01 -7.322908E+00
   9.765904E-01 -7.298577E+00
   9.783609E-01 -7.274398E+00
   9.801314E-01 -7.250373E+00
   9.819019E-01 -7.226498E+00
   9.836725E-01 -7.202775E+00
   9.854430E-01 -7.179203E+00
   9.872135E-01 -7.155781E+00
   9.889840E-01 -7.132507E+00
   9.907546E-01 -7.109383E+00
   9.925251E-01 -7.086406E+00
   9.942956E-01 -7.063576E+00
   9.960661E-01 -7.040892E+00
   9.978366E-01 -7.018354E+00
   9.996072E-01 -6.995961E+00
   1.001378E+00 -6.973712E+00
   1.003148E+00 -6.951605E+00
   1.004919E+00 -6.929641E+00
   1.008460E+00 -6.886136E+00
   1.012001E+00 -6.843189E+00
   1.015542E+00 -6.800794E+00
   1.019083E+00 -6.758942E+00
   1.022624E+00 -6.717627E+00
   1.024394E+00 -6.697169E+00
   1.026165E+00 -6.676842E+00
   1.027935E+00 -6.656645E+00
   1.029706E+00 -6.636578E+00
   1.031477E+00 -6.616639E+00
   1.033247E+00 -6.596829E+00
   1.035018E+00 -6.577145E+00
   1.036788E+00 -6.557586E+00
   1.038559E+00 -6.538153E+00
   1.040329E+00 -6.518844E+00
   1.042100E+00 -6.499658E+00
   1.043870E+00 -6.480593E+00
   1.045641E+00 -6.461651E+00
   1.047411E+00 -6.442828E+00
   1.049182E+00 -6.424125E+00
   1.050952E+00 -6.405541E+00
   1.052723E+00 -6.387074E+00
   1.053608E+00 -6.377885E+00
   1.054493E+00 -6.368724E+00
   1.056264E+00 -6.350490E+00
   1.058034E+00 -6.332371E+00
   1.059805E+00 -6.314366E+00
   1.061575E+00 -6.296475E+00
   1.063346E+00 -6.278696E+00
   1.065116E+00 -6.261028E+00
   1.066887E+00 -6.243471E+00
   1.068657E+00 -6.226025E+00
   1.070428E+00 -6.208687E+00
   1.072199E+00 -6.191457E+00
   1.073969E+00 -6.174335E+00
   1.075740E+00 -6.157319E+00
   1.077510E+00 -6.140410E+00
   1.078395E+00 -6.131994E+00
   1.079281E+00 -6.123605E+00
   1.081051E+00 -6.106904E+00
   1.082822E+00 -6.090307E+00
   1.084592E+00 -6.073813E+00
   1.086363E+00 -6.057420E+00
   1.088133E+00 -6.041128E+00
   1.089904E+00 -6.024937E+00
   1.091674E+00 -6.008845E+00
   1.093445E+00 -5.992852E+00
   1.095215E+00 -5.976957E+00
   1.096986E+00 -5.961160E+00
   1.099217E+00 -5.941386E+00
   1.101449E+00 -5.921764E+00
   1.103680E+00 -5.902293E+00
   1.105912E+00 -5.882972E+00
   1.108143E+00 -5.863797E+00
   1.110375E+00 -5.844769E+00
   1.111491E+00 -5.835310E+00
   1.112607E+00 -5.825886E+00
   1.114838E+00 -5.807147E+00
   1.117070E+00 -5.788550E+00
   1.119301E+00 -5.770094E+00
   1.120417E+00 -5.760918E+00
   1.121533E+00 -5.751777E+00
   1.123764E+00 -5.733599E+00
   1.125996E+00 -5.715557E+00
   1.127112E+00 -5.706588E+00
   1.128227E+00 -5.697652E+00
   1.130459E+00 -5.679880E+00
   1.132690E+00 -5.662242E+00
   1.134922E+00 -5.644736E+00
   1.137153E+00 -5.627361E+00
   1.139385E+00 -5.610115E+00
   1.141616E+00 -5.592998E+00
   1.143848E+00 -5.576008E+00
   1.146080E+00 -5.559143E+00
   1.148311E+00 -5.542404E+00
   1.150543E+00 -5.525788E+00
   1.152774E+00 -5.509295E+00
   1.155006E+00 -5.492923E+00
   1.157237E+00 -5.476672E+00
   1.159469E+00 -5.460540E+00
   1.161700E+00 -5.444526E+00
   1.163932E+00 -5.428629E+00
   1.166163E+00 -5.412848E+00
   1.167279E+00 -5.405001E+00
   1.168395E+00 -5.397182E+00
   1.170626E+00 -5.381630E+00
   1.172858E+00 -5.366191E+00
   1.175089E+00 -5.350863E+00
   1.177321E+00 -5.335647E+00
   1.179553E+00 -5.320540E+00
   1.181784E+00 -5.305543E+00
   1.184016E+00 -5.290653E+00
   1.186247E+00 -5.275870E+00
   1.188479E+00 -5.261193E+00
   1.190710E+00 -5.246621E+00
   1.192942E+00 -5.232153E+00
   1.194058E+00 -5.224958E+00
   1.195173E+00 -5.217788E+00
   1.197405E+00 -5.203526E+00
   1.199636E+00 -5.189365E+00
   1.201868E+00 -5.175304E+00
   1.204099E+00 -5.161343E+00
   1.206331E+00 -5.147481E+00
   1.208563E+00 -5.133716E+00
   1.210794E+00 -5.120048E+00
   1.213026E+00 -5.106477E+00
   1.215257E+00 -5.093000E+00
   1.217489E+00 -5.079618E+00
   1.219720E+00 -5.066330E+00
   1.221952E+00 -5.053134E+00
   1.224183E+00 -5.040030E+00
   1.226415E+00 -5.027017E+00
   1.228646E+00 -5.014095E+00
   1.230878E+00 -5.001262E+00
   1.233109E+00 -4.988518E+00
   1.235341E+00 -4.975862E+00
   1.237572E+00 -4.963293E+00
   1.239804E+00 -4.950811E+00
   1.242036E+00 -4.938414E+00
   1.244267E+00 -4.926103E+00
   1.246499E+00 -4.913875E+00
   1.247614E+00 -4.907793E+00
   1.248730E+00 -4.901731E+00
   1.250962E+00 -4.889670E+00
   1.253193E+00 -4.877691E+00
   1.255425E+00 -4.865794E+00
   1.257656E+00 -4.853977E+00
   1.259888E+00 -4.842240E+00
   1.262119E+00 -4.830582E+00
   1.264351E+00 -4.819003E+00
   1.266582E+00 -4.807502E+00
   1.268814E+00 -4.796078E+00
   1.271045E+00 -4.784731E+00
   1.273277E+00 -4.773460E+00
   1.275509E+00 -4.762264E+00
   1.277740E+00 -4.751143E+00
   1.278856E+00 -4.745610E+00
   1.279972E+00 -4.740096E+00
   1.282203E+00 -4.729122E+00
   1.284435E+00 -4.718221E+00
   1.286666E+00 -4.707393E+00
   1.288898E+00 -4.696636E+00
   1.291129E+00 -4.685950E+00
   1.293361E+00 -4.675334E+00
   1.297824E+00 -4.654312E+00
   1.300055E+00 -4.643904E+00
   1.302287E+00 -4.633564E+00
   1.304518E+00 -4.623292E+00
   1.306750E+00 -4.613086E+00
   1.308982E+00 -4.602947E+00
   1.311213E+00 -4.592874E+00
   1.313445E+00 -4.582866E+00
   1.315676E+00 -4.572923E+00
   1.317908E+00 -4.563043E+00
   1.320139E+00 -4.553228E+00
   1.322371E+00 -4.543476E+00
   1.324602E+00 -4.533786E+00
   1.326834E+00 -4.524159E+00
   1.329065E+00 -4.514593E+00
   1.333528E+00 -4.495643E+00
   1.335760E+00 -4.486259E+00
   1.337991E+00 -4.476934E+00
   1.340223E+00 -4.467669E+00
   1.342455E+00 -4.458462E+00
   1.344686E+00 -4.449313E+00
   1.346918E+00 -4.440222E+00
   1.349149E+00 -4.431188E+00
   1.351381E+00 -4.422210E+00
   1.353612E+00 -4.413289E+00
   1.355844E+00 -4.404424E+00
   1.358075E+00 -4.395614E+00
   1.360307E+00 -4.386859E+00
   1.364770E+00 -4.369512E+00
   1.367001E+00 -4.360919E+00
   1.369233E+00 -4.352379E+00
   1.371465E+00 -4.343892E+00
   1.373696E+00 -4.335457E+00
   1.375928E+00 -4.327074E+00
   1.378159E+00 -4.318743E+00
   1.380391E+00 -4.310463E+00
   1.382622E+00 -4.302233E+00
   1.385435E+00 -4.291932E+00
   1.388247E+00 -4.281709E+00
   1.391060E+00 -4.271565E+00
   1.393873E+00 -4.261499E+00
   1.396685E+00 -4.251509E+00
   1.399498E+00 -4.241594E+00
   1.400904E+00 -4.236666E+00
   1.402310E+00 -4.231755E+00
   1.405123E+00 -4.221991E+00
   1.407935E+00 -4.212300E+00
   1.410748E+00 -4.202681E+00
   1.412154E+00 -4.197899E+00
   1.413561E+00 -4.193135E+00
   1.416373E+00 -4.183661E+00
   1.419186E+00 -4.174257E+00
   1.420592E+00 -4.169581E+00
   1.421998E+00 -4.164923E+00
   1.424811E+00 -4.155658E+00
   1.427624E+00 -4.146462E+00
   1.430436E+00 -4.137335E+00
   1.433249E+00 -4.128274E+00
   1.436061E+00 -4.119280E+00
   1.438874E+00 -4.110352E+00
   1.441687E+00 -4.101489E+00
   1.444499E+00 -4.092692E+00
   1.447312E+00 -4.083958E+00
   1.450124E+00 -4.075287E+00
   1.452937E+00 -4.066680E+00
   1.455749E+00 -4.058134E+00
   1.458562E+00 -4.049651E+00
   1.461375E+00 -4.041228E+00
   1.464187E+00 -4.032866E+00
   1.467000E+00 -4.024563E+00
   1.469812E+00 -4.016320E+00
   1.471219E+00 -4.012221E+00
   1.472625E+00 -4.008136E+00
   1.475438E+00 -4.000009E+00
   1.478250E+00 -3.991940E+00
   1.481063E+00 -3.983929E+00
   1.483875E+00 -3.975973E+00
   1.486688E+00 -3.968074E+00
   1.489501E+00 -3.960230E+00
   1.492313E+00 -3.952441E+00
   1.495126E+00 -3.944706E+00
   1.497938E+00 -3.937025E+00
   1.500751E+00 -3.929397E+00
   1.503563E+00 -3.921823E+00
   1.504970E+00 -3.918055E+00
   1.506376E+00 -3.914300E+00
   1.509189E+00 -3.906829E+00
   1.512001E+00 -3.899410E+00
   1.514814E+00 -3.892041E+00
   1.517626E+00 -3.884723E+00
   1.520439E+00 -3.877455E+00
   1.523252E+00 -3.870236E+00
   1.526064E+00 -3.863066E+00
   1.528877E+00 -3.855944E+00
   1.531689E+00 -3.848871E+00
   1.534502E+00 -3.841845E+00
   1.537314E+00 -3.834866E+00
   1.540127E+00 -3.827934E+00
   1.542940E+00 -3.821048E+00
   1.545752E+00 -3.814208E+00
   1.548565E+00 -3.807413E+00
   1.551377E+00 -3.800664E+00
   1.554190E+00 -3.793959E+00
   1.557003E+00 -3.787298E+00
   1.559815E+00 -3.780681E+00
   1.562628E+00 -3.774107E+00
   1.565440E+00 -3.767576E+00
   1.568253E+00 -3.761088E+00
   1.571066E+00 -3.754642E+00
   1.573878E+00 -3.748237E+00
   1.579503E+00 -3.735552E+00
   1.582316E+00 -3.729271E+00
   1.585128E+00 -3.723030E+00
   1.587941E+00 -3.716829E+00
   1.590754E+00 -3.710667E+00
   1.596379E+00 -3.698461E+00
   1.599191E+00 -3.692416E+00
   1.602004E+00 -3.686409E+00
   1.604817E+00 -3.680440E+00
   1.607629E+00 -3.674508E+00
   1.610442E+00 -3.668614E+00
   1.613254E+00 -3.662756E+00
   1.616067E+00 -3.656934E+00
   1.618880E+00 -3.651149E+00
   1.621692E+00 -3.645400E+00
   1.624505E+00 -3.639685E+00
   1.627317E+00 -3.634007E+00
   1.630130E+00 -3.628362E+00
   1.635755E+00 -3.617178E+00
   1.638568E+00 -3.611636E+00
   1.641380E+00 -3.606129E+00
   1.644193E+00 -3.600654E+00
   1.647005E+00 -3.595213E+00
   1.649818E+00 -3.589804E+00
   1.652631E+00 -3.584428E+00
   1.655443E+00 -3.579084E+00
   1.658256E+00 -3.573772E+00
   1.661068E+00 -3.568491E+00
   1.663881E+00 -3.563242E+00
   1.669506E+00 -3.552836E+00
   1.672319E+00 -3.547679E+00
   1.675131E+00 -3.542553E+00
   1.677944E+00 -3.537456E+00
   1.680756E+00 -3.532389E+00
   1.683569E+00 -3.527352E+00
   1.686382E+00 -3.522343E+00
   1.689194E+00 -3.517364E+00
   1.692007E+00 -3.512413E+00
   1.694819E+00 -3.507491E+00
   1.697632E+00 -3.502597E+00
   1.703257E+00 -3.492893E+00
   1.706070E+00 -3.488083E+00
   1.708882E+00 -3.483299E+00
   1.711695E+00 -3.478543E+00
   1.714508E+00 -3.473813E+00
   1.720133E+00 -3.464434E+00
   1.722945E+00 -3.459783E+00
   1.725758E+00 -3.455159E+00
   1.728570E+00 -3.450560E+00
   1.731383E+00 -3.445986E+00
   1.734196E+00 -3.441438E+00
   1.737008E+00 -3.436915E+00
   1.739821E+00 -3.432416E+00
   1.742633E+00 -3.427943E+00
   1.746178E+00 -3.422339E+00
   1.749723E+00 -3.416773E+00
   1.753268E+00 -3.411246E+00
   1.756813E+00 -3.405756E+00
   1.763903E+00 -3.394887E+00
   1.767448E+00 -3.389508E+00
   1.770993E+00 -3.384164E+00
   1.774538E+00 -3.378857E+00
   1.778083E+00 -3.373584E+00
   1.781628E+00 -3.368347E+00
   1.785173E+00 -3.363144E+00
   1.788718E+00 -3.357975E+00
   1.792263E+00 -3.352840E+00
   1.795807E+00 -3.347739E+00
   1.799352E+00 -3.342670E+00
   1.806442E+00 -3.332632E+00
   1.809987E+00 -3.327661E+00
   1.813532E+00 -3.322723E+00
   1.817077E+00 -3.317815E+00
   1.820622E+00 -3.312939E+00
   1.824167E+00 -3.308094E+00
   1.827712E+00 -3.303279E+00
   1.831257E+00 -3.298495E+00
   1.834802E+00 -3.293740E+00
   1.838347E+00 -3.289016E+00
   1.841892E+00 -3.284320E+00
   1.848982E+00 -3.275016E+00
   1.852526E+00 -3.270407E+00
   1.856071E+00 -3.265827E+00
   1.859616E+00 -3.261274E+00
   1.863161E+00 -3.256749E+00
   1.866706E+00 -3.252251E+00
   1.870251E+00 -3.247780E+00
   1.873796E+00 -3.243337E+00
   1.877341E+00 -3.238920E+00
   1.880886E+00 -3.234529E+00
   1.884431E+00 -3.230164E+00
   1.887976E+00 -3.225825E+00
   1.891521E+00 -3.221512E+00
   1.895066E+00 -3.217224E+00
   1.898611E+00 -3.212961E+00
   1.905701E+00 -3.204510E+00
   1.909245E+00 -3.200321E+00
   1.912790E+00 -3.196157E+00
   1.916335E+00 -3.192016E+00
   1.919880E+00 -3.187899E+00
   1.923425E+00 -3.183805E+00
   1.926970E+00 -3.179735E+00
   1.930515E+00 -3.175687E+00
   1.934060E+00 -3.171663E+00
   1.937605E+00 -3.167661E+00
   1.941150E+00 -3.163682E+00
   1.944695E+00 -3.159724E+00
   1.948240E+00 -3.155789E+00
   1.955330E+00 -3.147983E+00
   1.958875E+00 -3.144113E+00
   1.962420E+00 -3.140263E+00
   1.965964E+00 -3.136435E+00
   1.969509E+00 -3.132627E+00
   1.976599E+00 -3.125074E+00
   1.980144E+00 -3.121327E+00
   1.983689E+00 -3.117601E+00
   1.990779E+00 -3.110208E+00
   1.994324E+00 -3.106540E+00
   1.997869E+00 -3.102892E+00
   2.001414E+00 -3.099264E+00
   2.004959E+00 -3.095654E+00
   2.012049E+00 -3.088491E+00
   2.015594E+00 -3.084937E+00
   2.019139E+00 -3.081401E+00
   2.022683E+00 -3.077884E+00
   2.026228E+00 -3.074385E+00
   2.029773E+00 -3.070903E+00
   2.033318E+00 -3.067439E+00
   2.036863E+00 -3.063993E+00
   2.040408E+00 -3.060564E+00
   2.043953E+00 -3.057153E+00
   2.047498E+00 -3.053758E+00
   2.051043E+00 -3.050381E+00
   2.054588E+00 -3.047020E+00
   2.061678E+00 -3.040348E+00
   2.065223E+00 -3.037037E+00
   2.068768E+00 -3.033742E+00
   2.072313E+00 -3.030463E+00
   2.075858E+00 -3.027200E+00
   2.079402E+00 -3.023952E+00
   2.082947E+00 -3.020721E+00
   2.086492E+00 -3.017505E+00
   2.090037E+00 -3.014304E+00
   2.093582E+00 -3.011119E+00
   2.097127E+00 -3.007949E+00
   2.104217E+00 -3.001654E+00
   2.111307E+00 -2.995418E+00
   2.118397E+00 -2.989240E+00
   2.121942E+00 -2.986173E+00
   2.125487E+00 -2.983120E+00
   2.132576E+00 -2.977056E+00
   2.139666E+00 -2.971047E+00
   2.143211E+00 -2.968063E+00
   2.146756E+00 -2.965093E+00
   2.150301E+00 -2.962136E+00
   2.153846E+00 -2.959193E+00
   2.160936E+00 -2.953345E+00
   2.168026E+00 -2.947550E+00
   2.171571E+00 -2.944671E+00
   2.175116E+00 -2.941805E+00
   2.178661E+00 -2.938952E+00
   2.182206E+00 -2.936111E+00
   2.189295E+00 -2.930467E+00
   2.196385E+00 -2.924872E+00
   2.200853E+00 -2.921370E+00
   2.205321E+00 -2.917888E+00
   2.209789E+00 -2.914424E+00
   2.214257E+00 -2.910979E+00
   2.223193E+00 -2.904144E+00
   2.227661E+00 -2.900753E+00
   2.232129E+00 -2.897380E+00
   2.236597E+00 -2.894026E+00
   2.241065E+00 -2.890688E+00
   2.245533E+00 -2.887368E+00
   2.250001E+00 -2.884066E+00
   2.254469E+00 -2.880780E+00
   2.258937E+00 -2.877511E+00
   2.263405E+00 -2.874259E+00
   2.267873E+00 -2.871024E+00
   2.272341E+00 -2.867805E+00
   2.276809E+00 -2.864603E+00
   2.285745E+00 -2.858246E+00
   2.290213E+00 -2.855092E+00
   2.294681E+00 -2.851953E+00
   2.299149E+00 -2.848830E+00
   2.303617E+00 -2.845723E+00
   2.308085E+00 -2.842630E+00
   2.312553E+00 -2.839553E+00
   2.317021E+00 -2.836491E+00
   2.321489E+00 -2.833444E+00
   2.325957E+00 -2.830412E+00
   2.330425E+00 -2.827395E+00
   2.334893E+00 -2.824392E+00
   2.339361E+00 -2.821403E+00
   2.348297E+00 -2.815469E+00
   2.352765E+00 -2.812523E+00
   2.357233E+00 -2.809591E+00
   2.361701E+00 -2.806673E+00
   2.366169E+00 -2.803769E+00
   2.375105E+00 -2.798001E+00
   2.379572E+00 -2.795138E+00
   2.384040E+00 -2.792287E+00
   2.388508E+00 -2.789450E+00
   2.392976E+00 -2.786626E+00
   2.397444E+00 -2.783815E+00
   2.401912E+00 -2.781016E+00
   2.406380E+00 -2.778231E+00
   2.410848E+00 -2.775458E+00
   2.419784E+00 -2.769950E+00
   2.424252E+00 -2.767214E+00
   2.428720E+00 -2.764491E+00
   2.433188E+00 -2.761780E+00
   2.437656E+00 -2.759082E+00
   2.446592E+00 -2.753720E+00
   2.455528E+00 -2.748406E+00
   2.464464E+00 -2.743138E+00
   2.473400E+00 -2.737916E+00
   2.482336E+00 -2.732739E+00
   2.491272E+00 -2.727607E+00
   2.500208E+00 -2.722519E+00
   2.509144E+00 -2.717474E+00
   2.518080E+00 -2.712472E+00
   2.527016E+00 -2.707512E+00
   2.531484E+00 -2.705048E+00
   2.535952E+00 -2.702594E+00
   2.544888E+00 -2.697716E+00
   2.553824E+00 -2.692879E+00
   2.562760E+00 -2.688082E+00
   2.571696E+00 -2.683324E+00
   2.580632E+00 -2.678605E+00
   2.585100E+00 -2.676260E+00
   2.589567E+00 -2.673924E+00
   2.598503E+00 -2.669281E+00
   2.607439E+00 -2.664675E+00
   2.616375E+00 -2.660106E+00
   2.625311E+00 -2.655574E+00
   2.634247E+00 -2.651077E+00
   2.643183E+00 -2.646616E+00
   2.652119E+00 -2.642190E+00
   2.661055E+00 -2.637798E+00
   2.669991E+00 -2.633441E+00
   2.678927E+00 -2.629117E+00
   2.687863E+00 -2.624826E+00
   2.696799E+00 -2.620569E+00
   2.705735E+00 -2.616344E+00
   2.714671E+00 -2.612152E+00
   2.723607E+00 -2.607991E+00
   2.732543E+00 -2.603862E+00
   2.741479E+00 -2.599763E+00
   2.750415E+00 -2.595696E+00
   2.759351E+00 -2.591659E+00
   2.768287E+00 -2.587652E+00
   2.773918E+00 -2.585142E+00
   2.779549E+00 -2.582644E+00
   2.790812E+00 -2.577683E+00
   2.802075E+00 -2.572768E+00
   2.813338E+00 -2.567898E+00
   2.824600E+00 -2.563073E+00
   2.835863E+00 -2.558292E+00
   2.847126E+00 -2.553555E+00
   2.858388E+00 -2.548861E+00
   2.869651E+00 -2.544210E+00
   2.880914E+00 -2.539600E+00
   2.892177E+00 -2.535032E+00
   2.897808E+00 -2.532764E+00
   2.903439E+00 -2.530505E+00
   2.914702E+00 -2.526019E+00
   2.925965E+00 -2.521573E+00
   2.937228E+00 -2.517166E+00
   2.948490E+00 -2.512798E+00
   2.959753E+00 -2.508469E+00
   2.971016E+00 -2.504178E+00
   2.982278E+00 -2.499924E+00
   2.993541E+00 -2.495708E+00
   3.004804E+00 -2.491529E+00
   3.016067E+00 -2.487387E+00
   3.027329E+00 -2.483280E+00
   3.038592E+00 -2.479209E+00
   3.049855E+00 -2.475174E+00
   3.055486E+00 -2.473169E+00
   3.061118E+00 -2.471173E+00
   3.072380E+00 -2.467207E+00
   3.083643E+00 -2.463275E+00
   3.094906E+00 -2.459377E+00
   3.106168E+00 -2.455512E+00
   3.117431E+00 -2.451680E+00
   3.128694E+00 -2.447881E+00
   3.139957E+00 -2.444115E+00
   3.151219E+00 -2.440380E+00
   3.162482E+00 -2.436678E+00
   3.173745E+00 -2.433006E+00
   3.185008E+00 -2.429366E+00
   3.196270E+00 -2.425757E+00
   3.207533E+00 -2.422179E+00
   3.213164E+00 -2.420401E+00
   3.218796E+00 -2.418630E+00
   3.230058E+00 -2.415112E+00
   3.241321E+00 -2.411623E+00
   3.252584E+00 -2.408163E+00
   3.263847E+00 -2.404733E+00
   3.275109E+00 -2.401331E+00
   3.286372E+00 -2.397958E+00
   3.297635E+00 -2.394613E+00
   3.308898E+00 -2.391297E+00
   3.320160E+00 -2.388007E+00
   3.331423E+00 -2.384746E+00
   3.342686E+00 -2.381512E+00
   3.353948E+00 -2.378304E+00
   3.365211E+00 -2.375124E+00
   3.376474E+00 -2.371970E+00
   3.398999E+00 -2.365740E+00
   3.410262E+00 -2.362664E+00
   3.421525E+00 -2.359614E+00
   3.432788E+00 -2.356588E+00
   3.444050E+00 -2.353589E+00
   3.455313E+00 -2.350613E+00
   3.466576E+00 -2.347663E+00
   3.477838E+00 -2.344737E+00
   3.489101E+00 -2.341835E+00
   3.503297E+00 -2.338212E+00
   3.517492E+00 -2.334627E+00
   3.531687E+00 -2.331079E+00
   3.538785E+00 -2.329319E+00
   3.545883E+00 -2.327568E+00
   3.560078E+00 -2.324094E+00
   3.574273E+00 -2.320656E+00
   3.588469E+00 -2.317253E+00
   3.602664E+00 -2.313887E+00
   3.616859E+00 -2.310555E+00
   3.631055E+00 -2.307257E+00
   3.645250E+00 -2.303994E+00
   3.659445E+00 -2.300765E+00
   3.673641E+00 -2.297570E+00
   3.687836E+00 -2.294408E+00
   3.702031E+00 -2.291278E+00
   3.716227E+00 -2.288182E+00
   3.730422E+00 -2.285117E+00
   3.737520E+00 -2.283597E+00
   3.744618E+00 -2.282084E+00
   3.758813E+00 -2.279083E+00
   3.773008E+00 -2.276113E+00
   3.787204E+00 -2.273174E+00
   3.801399E+00 -2.270266E+00
   3.815594E+00 -2.267388E+00
   3.829790E+00 -2.264540E+00
   3.843985E+00 -2.261721E+00
   3.858180E+00 -2.258932E+00
   3.872376E+00 -2.256172E+00
   3.886571E+00 -2.253441E+00
   3.900766E+00 -2.250738E+00
   3.914962E+00 -2.248063E+00
   3.929157E+00 -2.245416E+00
   3.936255E+00 -2.244103E+00
   3.943352E+00 -2.242797E+00
   3.957548E+00 -2.240205E+00
   3.971743E+00 -2.237641E+00
   3.985938E+00 -2.235103E+00
   4.000134E+00 -2.232591E+00
   4.014329E+00 -2.230106E+00
   4.028525E+00 -2.227647E+00
   4.042720E+00 -2.225213E+00
   4.056915E+00 -2.222805E+00
   4.071111E+00 -2.220422E+00
   4.085306E+00 -2.218064E+00
   4.099501E+00 -2.215731E+00
   4.113697E+00 -2.213422E+00
   4.127892E+00 -2.211137E+00
   4.142087E+00 -2.208877E+00
   4.170478E+00 -2.204427E+00
   4.184673E+00 -2.202236E+00
   4.198869E+00 -2.200069E+00
   4.213064E+00 -2.197925E+00
   4.227259E+00 -2.195803E+00
   4.241455E+00 -2.193704E+00
   4.255650E+00 -2.191626E+00
   4.269845E+00 -2.189571E+00
   4.284041E+00 -2.187537E+00
   4.298236E+00 -2.185524E+00
   4.312432E+00 -2.183533E+00
   4.326627E+00 -2.181563E+00
   4.340822E+00 -2.179614E+00
   4.355018E+00 -2.177685E+00
   4.369213E+00 -2.175776E+00
   4.383408E+00 -2.173888E+00
   4.397604E+00 -2.172020E+00
   4.415495E+00 -2.169693E+00
   4.433387E+00 -2.167398E+00
   4.451278E+00 -2.165133E+00
   4.469170E+00 -2.162898E+00
   4.487061E+00 -2.160693E+00
   4.504953E+00 -2.158518E+00
   4.513899E+00 -2.157441E+00
   4.522845E+00 -2.156372E+00
   4.540736E+00 -2.154254E+00
   4.558628E+00 -2.152165E+00
   4.576519E+00 -2.150103E+00
   4.585465E+00 -2.149083E+00
   4.594411E+00 -2.148070E+00
   4.612303E+00 -2.146064E+00
   4.630194E+00 -2.144084E+00
   4.648086E+00 -2.142131E+00
   4.665977E+00 -2.140205E+00
   4.683869E+00 -2.138304E+00
   4.701760E+00 -2.136429E+00
   4.719652E+00 -2.134579E+00
   4.737544E+00 -2.132754E+00
   4.746489E+00 -2.131851E+00
   4.755435E+00 -2.130954E+00
   4.773327E+00 -2.129178E+00
   4.791218E+00 -2.127426E+00
   4.809110E+00 -2.125698E+00
   4.827001E+00 -2.123993E+00
   4.844893E+00 -2.122311E+00
   4.862785E+00 -2.120652E+00
   4.880676E+00 -2.119015E+00
   4.898568E+00 -2.117400E+00
   4.916459E+00 -2.115808E+00
   4.934351E+00 -2.114237E+00
   4.952242E+00 -2.112687E+00
   4.961188E+00 -2.111920E+00
   4.970134E+00 -2.111158E+00
   4.988026E+00 -2.109650E+00
   5.005917E+00 -2.108163E+00
   5.023809E+00 -2.106696E+00
   5.041700E+00 -2.105249E+00
   5.059592E+00 -2.103821E+00
   5.077484E+00 -2.102413E+00
   5.095375E+00 -2.101024E+00
   5.113267E+00 -2.099654E+00
   5.131158E+00 -2.098303E+00
   5.149050E+00 -2.096971E+00
   5.166941E+00 -2.095656E+00
   5.184833E+00 -2.094359E+00
   5.202725E+00 -2.093081E+00
   5.220616E+00 -2.091819E+00
   5.238508E+00 -2.090575E+00
   5.256399E+00 -2.089348E+00
   5.292182E+00 -2.086944E+00
   5.310074E+00 -2.085767E+00
   5.327966E+00 -2.084606E+00
   5.345857E+00 -2.083461E+00
   5.363749E+00 -2.082332E+00
   5.399532E+00 -2.080119E+00
   5.417423E+00 -2.079036E+00
   5.435315E+00 -2.077967E+00
   5.453207E+00 -2.076913E+00
   5.471098E+00 -2.075874E+00
   5.488990E+00 -2.074849E+00
   5.506881E+00 -2.073838E+00
   5.524773E+00 -2.072841E+00
   5.542665E+00 -2.071858E+00
   5.565215E+00 -2.070638E+00
   5.587765E+00 -2.069439E+00
   5.610315E+00 -2.068262E+00
   5.621590E+00 -2.067680E+00
   5.632865E+00 -2.067104E+00
   5.655416E+00 -2.065967E+00
   5.677966E+00 -2.064850E+00
   5.700516E+00 -2.063752E+00
   5.723066E+00 -2.062673E+00
   5.745617E+00 -2.061613E+00
   5.768167E+00 -2.060571E+00
   5.790717E+00 -2.059548E+00
   5.813267E+00 -2.058542E+00
   5.835818E+00 -2.057554E+00
   5.858368E+00 -2.056584E+00
   5.880918E+00 -2.055630E+00
   5.903468E+00 -2.054693E+00
   5.926019E+00 -2.053772E+00
   5.937294E+00 -2.053318E+00
   5.948569E+00 -2.052868E+00
   5.971119E+00 -2.051979E+00
   5.993669E+00 -2.051106E+00
   6.016220E+00 -2.050248E+00
   6.038770E+00 -2.049405E+00
   6.061320E+00 -2.048577E+00
   6.083870E+00 -2.047763E+00
   6.106420E+00 -2.046964E+00
   6.128971E+00 -2.046178E+00
   6.151521E+00 -2.045407E+00
   6.174071E+00 -2.044649E+00
   6.196621E+00 -2.043904E+00
   6.219172E+00 -2.043172E+00
   6.241722E+00 -2.042453E+00
   6.264272E+00 -2.041747E+00
   6.309373E+00 -2.040372E+00
   6.331923E+00 -2.039702E+00
   6.354473E+00 -2.039044E+00
   6.377023E+00 -2.038397E+00
   6.399574E+00 -2.037762E+00
   6.422124E+00 -2.037139E+00
   6.444674E+00 -2.036526E+00
   6.467224E+00 -2.035924E+00
   6.489775E+00 -2.035332E+00
   6.512325E+00 -2.034751E+00
   6.534875E+00 -2.034180E+00
   6.557425E+00 -2.033619E+00
   6.579975E+00 -2.033068E+00
   6.625076E+00 -2.031995E+00
   6.647626E+00 -2.031472E+00
   6.670176E+00 -2.030959E+00
   6.692727E+00 -2.030455E+00
   6.715277E+00 -2.029959E+00
   6.737827E+00 -2.029472E+00
   6.760377E+00 -2.028994E+00
   6.782928E+00 -2.028525E+00
   6.805478E+00 -2.028063E+00
   6.828028E+00 -2.027610E+00
   6.850578E+00 -2.027164E+00
   6.873129E+00 -2.026727E+00
   6.895679E+00 -2.026297E+00
   6.918229E+00 -2.025874E+00
   6.940779E+00 -2.025459E+00
   6.963330E+00 -2.025052E+00
   6.985880E+00 -2.024651E+00
   7.014302E+00 -2.024156E+00
   7.042724E+00 -2.023672E+00
   7.071146E+00 -2.023199E+00
   7.085357E+00 -2.022967E+00
   7.099567E+00 -2.022736E+00
   7.127989E+00 -2.022284E+00
   7.156411E+00 -2.021841E+00
   7.184833E+00 -2.021408E+00
   7.213255E+00 -2.020985E+00
   7.241677E+00 -2.020571E+00
   7.270099E+00 -2.020166E+00
   7.298521E+00 -2.019770E+00
   7.326943E+00 -2.019383E+00
   7.355365E+00 -2.019004E+00
   7.383787E+00 -2.018634E+00
   7.412209E+00 -2.018271E+00
   7.440631E+00 -2.017917E+00
   7.469053E+00 -2.017570E+00
   7.497475E+00 -2.017231E+00
   7.554318E+00 -2.016575E+00
   7.582740E+00 -2.016258E+00
   7.611162E+00 -2.015948E+00
   7.639584E+00 -2.015644E+00
   7.668006E+00 -2.015347E+00
   7.724850E+00 -2.014773E+00
   7.753272E+00 -2.014495E+00
   7.781694E+00 -2.014223E+00
   7.810116E+00 -2.013957E+00
   7.838538E+00 -2.013697E+00
   7.895382E+00 -2.013193E+00
   7.923804E+00 -2.012950E+00
   7.952226E+00 -2.012711E+00
   7.980647E+00 -2.012478E+00
   8.009069E+00 -2.012250E+00
   8.065913E+00 -2.011808E+00
   8.094335E+00 -2.011595E+00
   8.122757E+00 -2.011386E+00
   8.151179E+00 -2.011181E+00
   8.179601E+00 -2.010981E+00
   8.236445E+00 -2.010593E+00
   8.264867E+00 -2.010405E+00
   8.293289E+00 -2.010222E+00
   8.321711E+00 -2.010042E+00
   8.350133E+00 -2.009866E+00
   8.406976E+00 -2.009526E+00
   8.435398E+00 -2.009361E+00
   8.463820E+00 -2.009199E+00
   8.492242E+00 -2.009041E+00
   8.520664E+00 -2.008887E+00
   8.577508E+00 -2.008587E+00
   8.605930E+00 -2.008442E+00
   8.634352E+00 -2.008300E+00
   8.662774E+00 -2.008161E+00
   8.691196E+00 -2.008025E+00
   8.719618E+00 -2.007891E+00
   8.748040E+00 -2.007761E+00
   8.776462E+00 -2.007633E+00
   8.804884E+00 -2.007508E+00
   8.840706E+00 -2.007354E+00
   8.876529E+00 -2.007204E+00
   8.912351E+00 -2.007058E+00
   8.948174E+00 -2.006915E+00
   8.983996E+00 -2.006777E+00
   9.019819E+00 -2.006642E+00
   9.055641E+00 -2.006510E+00
   9.091464E+00 -2.006382E+00
   9.127286E+00 -2.006257E+00
   9.163109E+00 -2.006135E+00
   9.198931E+00 -2.006016E+00
   9.234754E+00 -2.005901E+00
   9.270576E+00 -2.005788E+00
   9.306399E+00 -2.005678E+00
   9.342221E+00 -2.005571E+00
   9.378044E+00 -2.005467E+00
   9.413866E+00 -2.005365E+00
   9.449689E+00 -2.005266E+00
   9.485511E+00 -2.005169E+00
   9.521334E+00 -2.005074E+00
   9.557157E+00 -2.004982E+00
   9.592979E+00 -2.004893E+00
   9.628802E+00 -2.004805E+00
   9.664624E+00 -2.004720E+00
   9.700447E+00 -2.004636E+00
   9.736269E+00 -2.004555E+00
   9.772092E+00 -2.004476E+00
   9.807914E+00 -2.004398E+00
   9.843737E+00 -2.004322E+00
   9.879559E+00 -2.004249E+00
   9.915382E+00 -2.004177E+00
   9.951204E+00 -2.004106E+00
   1.002285E+01 -2.003971E+00
   1.009449E+01 -2.003841E+00
   1.016614E+01 -2.003718E+00
   1.023778E+01 -2.003600E+00
   1.030943E+01 -2.003488E+00
   1.038107E+01 -2.003381E+00
   1.045272E+01 -2.003278E+00
   1.052436E+01 -2.003180E+00
   1.059601E+01 -2.003086E+00
   1.066765E+01 -2.002997E+00
   1.073930E+01 -2.002911E+00
   1.081094E+01 -2.002829E+00
   1.088259E+01 -2.002750E+00
   1.095423E+01 -2.002675E+00
   1.102588E+01 -2.002602E+00
   1.109752E+01 -2.002533E+00
   1.118783E+01 -2.002450E+00
   1.127813E+01 -2.002370E+00
   1.136843E+01 -2.002295E+00
   1.145873E+01 -2.002223E+00
   1.154903E+01 -2.002155E+00
   1.163933E+01 -2.002090E+00
   1.172963E+01 -2.002028E+00
   1.181993E+01 -2.001969E+00
   1.191023E+01 -2.001913E+00
   1.200053E+01 -2.001859E+00
   1.209083E+01 -2.001807E+00
   1.218113E+01 -2.001758E+00
   1.227143E+01 -2.001711E+00
   1.236173E+01 -2.001665E+00
   1.245203E+01 -2.001622E+00
   1.254233E+01 -2.001580E+00
   1.263263E+01 -2.001540E+00
   1.272293E+01 -2.001502E+00
   1.281323E+01 -2.001465E+00
   1.290353E+01 -2.001429E+00
   1.299383E+01 -2.001395E+00
   1.308413E+01 -2.001362E+00
   1.317443E+01 -2.001331E+00
   1.326473E+01 -2.001300E+00
   1.335503E+01 -2.001270E+00
   1.344533E+01 -2.001242E+00
   1.353563E+01 -2.001214E+00
   1.362593E+01 -2.001188E+00
   1.371623E+01 -2.001162E+00
   1.380653E+01 -2.001137E+00
   1.389683E+01 -2.001113E+00
   1.398713E+01 -2.001090E+00
   1.410094E+01 -2.001062E+00
   1.421476E+01 -2.001034E+00
   1.432857E+01 -2.001008E+00
   1.444238E+01 -2.000983E+00
   1.455620E+01 -2.000959E+00
   1.467001E+01 -2.000935E+00
   1.478382E+01 -2.000913E+00
   1.489763E+01 -2.000891E+00
   1.501145E+01 -2.000870E+00
   1.512526E+01 -2.000850E+00
   1.523907E+01 -2.000830E+00
   1.535288E+01 -2.000811E+00
   1.546670E+01 -2.000792E+00
   1.558051E+01 -2.000775E+00
   1.569432E+01 -2.000757E+00
   1.580814E+01 -2.000741E+00
   1.603576E+01 -2.000709E+00
   1.626339E+01 -2.000679E+00
   1.649101E+01 -2.000651E+00
   1.671864E+01 -2.000624E+00
   1.694626E+01 -2.000599E+00
   1.717389E+01 -2.000575E+00
   1.740152E+01 -2.000553E+00
   1.762914E+01 -2.000531E+00
   1.791604E+01 -2.000506E+00
   1.820293E+01 -2.000482E+00
   1.848983E+01 -2.000460E+00
   1.877672E+01 -2.000439E+00
   1.906362E+01 -2.000420E+00
   1.935051E+01 -2.000401E+00
   1.963741E+01 -2.000384E+00
   1.992430E+01 -2.000368E+00
   2.021120E+01 -2.000352E+00
   2.049810E+01 -2.000338E+00
   2.078499E+01 -2.000324E+00
   2.107189E+01 -2.000311E+00
   2.135878E+01 -2.000298E+00
   2.164568E+01 -2.000287E+00
   2.193257E+01 -2.000276E+00
   2.221947E+01 -2.000265E+00
   2.258107E+01 -2.000252E+00
   2.294266E+01 -2.000241E+00
   2.330426E+01 -2.000230E+00
   2.366586E+01 -2.000219E+00
   2.402746E+01 -2.000210E+00
   2.438906E+01 -2.000200E+00
   2.475066E+01 -2.000192E+00
   2.511225E+01 -2.000184E+00
   2.547385E+01 -2.000176E+00
   2.583545E+01 -2.000169E+00
   2.619705E+01 -2.000162E+00
   2.655865E+01 -2.000155E+00
   2.692024E+01 -2.000149E+00
   2.728184E+01 -2.000143E+00
   2.764344E+01 -2.000138E+00
   2.800504E+01 -2.000132E+00
   2.846079E+01 -2.000126E+00
   2.891654E+01 -2.000120E+00
   2.937230E+01 -2.000115E+00
   2.982805E+01 -2.000110E+00
   3.028380E+01 -2.000105E+00
   3.073955E+01 -2.000100E+00
   3.119530E+01 -2.000096E+00
   3.165106E+01 -2.000092E+00
   3.256256E+01 -2.000084E+00
   3.347406E+01 -2.000077E+00
   3.438557E+01 -2.000071E+00
   3.529707E+01 -2.000066E+00
   3.587150E+01 -2.000063E+00
   3.644592E+01 -2.000060E+00
   3.702034E+01 -2.000057E+00
   3.759476E+01 -2.000055E+00
   3.874361E+01 -2.000050E+00
   3.989245E+01 -2.000046E+00
   4.104130E+01 -2.000042E+00
   4.219014E+01 -2.000039E+00
   4.333898E+01 -2.000036E+00
   4.448783E+01 -2.000033E+00
   4.593581E+01 -2.000030E+00
   4.738380E+01 -2.000027E+00
   4.883178E+01 -2.000025E+00
   5.027976E+01 -2.000023E+00
   5.172775E+01 -2.000021E+00
   5.317573E+01 -2.000019E+00
   5.462372E+01 -2.000018E+00
   5.607170E+01 -2.000016E+00
   5.789671E+01 -2.000015E+00
   5.972173E+01 -2.000014E+00
   6.154674E+01 -2.000012E+00
   6.337176E+01 -2.000011E+00
   6.519677E+01 -2.000010E+00
   6.702178E+01 -2.000010E+00
   6.884680E+01 -2.000009E+00
   7.067181E+01 -2.000008E+00
   7.297203E+01 -2.000007E+00
   7.527225E+01 -2.000007E+00
   7.757246E+01 -2.000006E+00
   7.987268E+01 -2.000006E+00
   8.447311E+01 -2.000005E+00
   8.907355E+01 -2.000004E+00
   9.487185E+01 -2.000003E+00
   1.006702E+02 -2.000003E+00
   1.064685E+02 -2.000002E+00
   1.122668E+02 -2.000002E+00
   1.195749E+02 -2.000002E+00
   1.268830E+02 -2.000001E+00
   1.341910E+02 -2.000001E+00
   1.414991E+02 -2.000001E+00
   1.507101E+02 -2.000001E+00
   1.599211E+02 -2.000001E+00
   1.691321E+02 -2.000001E+00
   1.783431E+02 -2.000001E+00
   1.899525E+02 -2.000000E+00
   2.015618E+02 -2.000000E+00
   2.247806E+02 -2.000000E+00
   2.540451E+02 -2.000000E+00
   2.833096E+02 -2.000000E+00
   3.201941E+02 -2.000000E+00
   3.570786E+02 -2.000000E+00
   4.035672E+02 -2.000000E+00
   4.500558E+02 -2.000000E+00
   5.086492E+02 -2.000000E+00
   5.672426E+02 -2.000000E+00
   7.149429E+02 -2.000000E+00
   9.011018E+02 -2.000000E+00
   1.135733E+03 -2.000000E+00
   1.431459E+03 -2.000000E+00
   1.804186E+03 -2.000000E+00
   2.273966E+03 -2.000000E+00
   2.866068E+03 -2.000000E+00
   3.612343E+03 -2.000000E+00
   4.552935E+03 -2.000000E+00
   5.738442E+03 -2.000000E+00
   7.232634E+03 -2.000000E+00
   9.115888E+03 -2.000000E+00
   1.148951E+04 -2.000000E+00
   1.448118E+04 -2.000000E+00
   1.825183E+04 -2.000000E+00
   2.300430E+04 -2.000000E+00
   2.899423E+04 -2.000000E+00
   3.654383E+04 -2.000000E+00
   4.605922E+04 -2.000000E+00
   5.805226E+04 -2.000000E+00
   7.316807E+04 -2.000000E+00
   9.221979E+04 -2.000000E+00
   1.162322E+05 -2.000000E+00
   1.464971E+05 -2.000000E+00
   1.846425E+05 -2.000000E+00
   2.327202E+05 -2.000000E+00
   2.933166E+05 -2.000000E+00
   3.696913E+05 -2.000000E+00
   4.659526E+05 -2.000000E+00
   5.872787E+05 -2.000000E+00
   7.401960E+05 -2.000000E+00
   9.329304E+05 -2.000000E+00
   1.175850E+06 -2.000000E+00
   1.482021E+06 -2.000000E+00
   1.867914E+06 -2.000000E+00
   2.354286E+06 -2.000000E+00
   2.967302E+06 -2.000000E+00
   3.739937E+06 -2.000000E+00
   4.713753E+06 -2.000000E+00
   5.941134E+06 -2.000000E+00
   7.488104E+06 -2.000000E+00
   9.437878E+06 -2.000000E+00
   1.189534E+07 -2.000000E+00
   1.499268E+07 -2.000000E+00
   1.889652E+07 -2.000000E+00
   2.381686E+07 -2.000000E+00
   3.001836E+07 -2.000000E+00
   3.783463E+07 -2.000000E+00
   4.768612E+07 -2.000000E+00
   6.010277E+07 -2.000000E+00
   7.575250E+07 -2.000000E+00
   9.547716E+07 -2.000000E+00
   1.203378E+08 -2.000000E+00
   1.516717E+08 -2.000000E+00
   1.911644E+08 -2.000000E+00
   2.409404E+08 -2.000000E+00
   3.036771E+08 -2.000000E+00
   3.827494E+08 -2.000000E+00
   4.824109E+08 -2.000000E+00
   6.080224E+08 -2.000000E+00
   7.663411E+08 -2.000000E+00
   9.658832E+08 -2.000000E+00
   1.217383E+09 -2.000000E+00
   1.534368E+09 -2.000000E+00
   1.933892E+09 -2.000000E+00
   2.437444E+09 -2.000000E+00
   3.072113E+09 -2.000000E+00
   3.872039E+09 -2.000000E+00
   4.880252E+09 -2.000000E+00
   6.150986E+09 -2.000000E+00
   7.752597E+09 -2.000000E+00
   9.771242E+09 -2.000000E+00
   9.900990E+09 -2.000000E+00
   1.231551E+10 -2.000000E+00
   1.552225E+10 -2.000000E+00
   1.956398E+10 -2.000000E+00
   1.980198E+10 -2.000000E+00
   2.465811E+10 -2.000000E+00
   2.970297E+10 -2.000000E+00
   3.107866E+10 -2.000000E+00
   3.917101E+10 -2.000000E+00
   3.960396E+10 -2.000000E+00
   4.937048E+10 -2.000000E+00
   4.950495E+10 -2.000000E+00
   5.940594E+10 -2.000000E+00
   6.222571E+10 -2.000000E+00
   6.930693E+10 -2.000000E+00
   7.842822E+10 -2.000000E+00
   7.920792E+10 -2.000000E+00
   8.910891E+10 -2.000000E+00
   9.884959E+10 -2.000000E+00
   9.900990E+10 -2.000000E+00
   1.089109E+11 -2.000000E+00
   1.188119E+11 -2.000000E+00
   1.245883E+11 -2.000000E+00
   1.287129E+11 -2.000000E+00
   1.386139E+11 -2.000000E+00
   1.485149E+11 -2.000000E+00
   1.570290E+11 -2.000000E+00
   1.584158E+11 -2.000000E+00
   1.683168E+11 -2.000000E+00
   1.782178E+11 -2.000000E+00
   1.881188E+11 -2.000000E+00
   1.979167E+11 -2.000000E+00
   1.980198E+11 -2.000000E+00
   2.079208E+11 -2.000000E+00
   2.178218E+11 -2.000000E+00
   2.277228E+11 -2.000000E+00
   2.376238E+11 -2.000000E+00
   2.475248E+11 -2.000000E+00
   2.494508E+11 -2.000000E+00
   2.574257E+11 -2.000000E+00
   2.673267E+11 -2.000000E+00
   2.772277E+11 -2.000000E+00
   2.871287E+11 -2.000000E+00
   2.970297E+11 -2.000000E+00
   3.069307E+11 -2.000000E+00
   3.144035E+11 -2.000000E+00
   3.168317E+11 -2.000000E+00
   3.267327E+11 -2.000000E+00
   3.366337E+11 -2.000000E+00
   3.465347E+11 -2.000000E+00
   3.564356E+11 -2.000000E+00
   3.663366E+11 -2.000000E+00
   3.762376E+11 -2.000000E+00
   3.861386E+11 -2.000000E+00
   3.960396E+11 -2.000000E+00
   3.962689E+11 -2.000000E+00
   4.059406E+11 -2.000000E+00
   4.158416E+11 -2.000000E+00
   4.257426E+11 -2.000000E+00
   4.356436E+11 -2.000000E+00
   4.455446E+11 -2.000000E+00
   4.554455E+11 -2.000000E+00
   4.653465E+11 -2.000000E+00
   4.752475E+11 -2.000000E+00
   4.851485E+11 -2.000000E+00
   4.950495E+11 -2.000000E+00
   4.994505E+11 -2.000000E+00
   5.049505E+11 -2.000000E+00
   5.148515E+11 -2.000000E+00
   5.247525E+11 -2.000000E+00
   5.346535E+11 -2.000000E+00
   5.445545E+11 -2.000000E+00
   5.544554E+11 -2.000000E+00
   5.643564E+11 -2.000000E+00
   5.742574E+11 -2.000000E+00
   5.841584E+11 -2.000000E+00
   5.940594E+11 -2.000000E+00
   6.039604E+11 -2.000000E+00
   6.138614E+11 -2.000000E+00
   6.237624E+11 -2.000000E+00
   6.294989E+11 -2.000000E+00
   6.336634E+11 -2.000000E+00
   6.435644E+11 -2.000000E+00
   6.534653E+11 -2.000000E+00
   6.633663E+11 -2.000000E+00
   6.732673E+11 -2.000000E+00
   6.831683E+11 -2.000000E+00
   6.930693E+11 -2.000000E+00
   7.029703E+11 -2.000000E+00
   7.128713E+11 -2.000000E+00
   7.227723E+11 -2.000000E+00
   7.326733E+11 -2.000000E+00
   7.425743E+11 -2.000000E+00
   7.524752E+11 -2.000000E+00
   7.623762E+11 -2.000000E+00
   7.722772E+11 -2.000000E+00
   7.821782E+11 -2.000000E+00
   7.920792E+11 -2.000000E+00
   7.934097E+11 -2.000000E+00
   8.019802E+11 -2.000000E+00
   8.118812E+11 -2.000000E+00
   8.217822E+11 -2.000000E+00
   8.316832E+11 -2.000000E+00
   8.415842E+11 -2.000000E+00
   8.514851E+11 -2.000000E+00
   8.613861E+11 -2.000000E+00
   8.712871E+11 -2.000000E+00
   8.811881E+11 -2.000000E+00
   8.910891E+11 -2.000000E+00
   9.009901E+11 -2.000000E+00
   9.108911E+11 -2.000000E+00
   9.207921E+11 -2.000000E+00
   9.306931E+11 -2.000000E+00
   9.405941E+11 -2.000000E+00
   9.504950E+11 -2.000000E+00
   9.603960E+11 -2.000000E+00
   9.702970E+11 -2.000000E+00
   9.801980E+11 -2.000000E+00
   9.900990E+11 -2.000000E+00
   9.920792E+11 -2.000000E+00
   9.940594E+11 -2.000000E+00
   9.960396E+11 -2.000000E+00
   9.980198E+11 -2.000000E+00
   1.000000E+12 -2.000000E+00
