# Potential function.
#  r             r*V(r)
   0.000000E+00 -4.090650E+01
   1.000000E-08 -4.090650E+01
   1.260383E-08 -4.090650E+01
   1.588565E-08 -4.090650E+01
   2.002200E-08 -4.090650E+01
   2.523539E-08 -4.090650E+01
   3.180626E-08 -4.090650E+01
   4.008806E-08 -4.090650E+01
   5.052631E-08 -4.090649E+01
   6.368250E-08 -4.090649E+01
   8.026434E-08 -4.090649E+01
   1.011638E-07 -4.090649E+01
   1.275051E-07 -4.090648E+01
   1.607053E-07 -4.090648E+01
   2.025502E-07 -4.090648E+01
   2.552908E-07 -4.090647E+01
   3.217642E-07 -4.090646E+01
   4.055461E-07 -4.090645E+01
   5.111433E-07 -4.090644E+01
   6.442364E-07 -4.090642E+01
   8.119845E-07 -4.090640E+01
   1.023411E-06 -4.090637E+01
   1.289890E-06 -4.090634E+01
   1.625756E-06 -4.090630E+01
   2.049075E-06 -4.090625E+01
   2.582619E-06 -4.090618E+01
   3.255089E-06 -4.090610E+01
   4.102658E-06 -4.090600E+01
   5.170920E-06 -4.090587E+01
   6.517340E-06 -4.090570E+01
   8.214344E-06 -4.090550E+01
   1.035322E-05 -4.090523E+01
   1.304902E-05 -4.090491E+01
   1.644676E-05 -4.090449E+01
   2.072922E-05 -4.090397E+01
   2.612675E-05 -4.090331E+01
   3.292971E-05 -4.090248E+01
   4.150405E-05 -4.090143E+01
   5.231099E-05 -4.090011E+01
   6.593188E-05 -4.089844E+01
   8.309942E-05 -4.089635E+01
   1.047371E-04 -4.089370E+01
   1.320088E-04 -4.089037E+01
   1.663817E-04 -4.088618E+01
   2.097046E-04 -4.088088E+01
   2.643081E-04 -4.087422E+01
   3.331295E-04 -4.086582E+01
   4.198707E-04 -4.085523E+01
   5.291979E-04 -4.084189E+01
   6.669920E-04 -4.082509E+01
   8.406653E-04 -4.080393E+01
   1.059560E-03 -4.077727E+01
   1.335452E-03 -4.074370E+01
   1.683180E-03 -4.070143E+01
   2.121452E-03 -4.064823E+01
   2.673842E-03 -4.058130E+01
   3.370064E-03 -4.049712E+01
   4.247572E-03 -4.039131E+01
   5.353567E-03 -4.025841E+01
   6.747544E-03 -4.009165E+01
   7.626017E-03 -3.998697E+01
   8.504489E-03 -3.988261E+01
   9.058095E-03 -3.981701E+01
   9.334898E-03 -3.978426E+01
   9.611701E-03 -3.975154E+01
   9.750103E-03 -3.973519E+01
   9.888504E-03 -3.971885E+01
   9.923105E-03 -3.971477E+01
   9.957705E-03 -3.971068E+01
   9.975005E-03 -3.970864E+01
   9.983655E-03 -3.970762E+01
   9.992305E-03 -3.970660E+01
   9.996630E-03 -3.970609E+01
   9.997712E-03 -3.970596E+01
   9.998793E-03 -3.970583E+01
   9.999334E-03 -3.970577E+01
   9.999401E-03 -3.970576E+01
   9.999469E-03 -3.970575E+01
   9.999536E-03 -3.970575E+01
   9.999604E-03 -3.970574E+01
   9.999671E-03 -3.970573E+01
   9.999739E-03 -3.970572E+01
   9.999807E-03 -3.970571E+01
   9.999874E-03 -3.970571E+01
   9.999942E-03 -3.970570E+01
   1.000001E-02 -3.679919E+01
   1.000008E-02 -3.679918E+01
   1.000014E-02 -3.679917E+01
   1.000021E-02 -3.679916E+01
   1.000028E-02 -3.679915E+01
   1.000035E-02 -3.679915E+01
   1.000041E-02 -3.679914E+01
   1.000048E-02 -3.679913E+01
   1.000055E-02 -3.679912E+01
   1.000062E-02 -3.679911E+01
   1.000069E-02 -3.679911E+01
   1.000096E-02 -3.679907E+01
   1.000204E-02 -3.679895E+01
   1.000312E-02 -3.679882E+01
   1.000528E-02 -3.679856E+01
   1.000961E-02 -3.679805E+01
   1.001826E-02 -3.679703E+01
   1.002691E-02 -3.679601E+01
   1.004421E-02 -3.679397E+01
   1.006151E-02 -3.679193E+01
   1.009611E-02 -3.678785E+01
   1.016531E-02 -3.677969E+01
   1.030371E-02 -3.676337E+01
   1.044211E-02 -3.674706E+01
   1.071891E-02 -3.671447E+01
   1.141667E-02 -3.663244E+01
   1.211442E-02 -3.655062E+01
   1.350994E-02 -3.638757E+01
   1.526881E-02 -3.618320E+01
   1.702769E-02 -3.598008E+01
   1.813612E-02 -3.585272E+01
   1.924455E-02 -3.572585E+01
   2.035298E-02 -3.559947E+01
   2.146141E-02 -3.547358E+01
   2.215994E-02 -3.539450E+01
   2.285846E-02 -3.531561E+01
   2.425550E-02 -3.515840E+01
   2.565255E-02 -3.500197E+01
   2.704960E-02 -3.484629E+01
   2.793000E-02 -3.474858E+01
   2.881041E-02 -3.465116E+01
   2.969082E-02 -3.455405E+01
   3.057122E-02 -3.445723E+01
   3.233204E-02 -3.426450E+01
   3.321244E-02 -3.416857E+01
   3.409285E-02 -3.407294E+01
   3.520250E-02 -3.395283E+01
   3.631215E-02 -3.383318E+01
   3.742180E-02 -3.371400E+01
   3.853145E-02 -3.359528E+01
   3.964110E-02 -3.347702E+01
   4.075075E-02 -3.335922E+01
   4.186040E-02 -3.324188E+01
   4.297005E-02 -3.312499E+01
   4.436863E-02 -3.297831E+01
   4.576721E-02 -3.283234E+01
   4.716580E-02 -3.268709E+01
   4.856438E-02 -3.254255E+01
   4.996296E-02 -3.239871E+01
   5.136155E-02 -3.225557E+01
   5.276013E-02 -3.211314E+01
   5.415871E-02 -3.197140E+01
   5.504009E-02 -3.188243E+01
   5.592146E-02 -3.179374E+01
   5.680284E-02 -3.170532E+01
   5.768421E-02 -3.161717E+01
   5.856559E-02 -3.152929E+01
   5.944697E-02 -3.144169E+01
   6.120972E-02 -3.126728E+01
   6.209109E-02 -3.118048E+01
   6.297247E-02 -3.109395E+01
   6.385384E-02 -3.100769E+01
   6.473522E-02 -3.092169E+01
   6.561659E-02 -3.083595E+01
   6.649797E-02 -3.075048E+01
   6.737934E-02 -3.066528E+01
   6.826072E-02 -3.058033E+01
   6.937159E-02 -3.047364E+01
   7.048246E-02 -3.036737E+01
   7.159333E-02 -3.026150E+01
   7.270420E-02 -3.015605E+01
   7.492594E-02 -2.994637E+01
   7.603681E-02 -2.984214E+01
   7.714768E-02 -2.973832E+01
   7.825855E-02 -2.963489E+01
   7.936942E-02 -2.953187E+01
   8.159116E-02 -2.932703E+01
   8.270203E-02 -2.922520E+01
   8.381290E-02 -2.912377E+01
   8.492377E-02 -2.902273E+01
   8.603464E-02 -2.892209E+01
   8.673471E-02 -2.885886E+01
   8.743477E-02 -2.879579E+01
   8.883489E-02 -2.867012E+01
   9.023501E-02 -2.854505E+01
   9.163513E-02 -2.842060E+01
   9.303525E-02 -2.829676E+01
   9.443538E-02 -2.817352E+01
   9.583550E-02 -2.805089E+01
   9.723562E-02 -2.792885E+01
   9.793568E-02 -2.786806E+01
   9.863574E-02 -2.780741E+01
   9.933580E-02 -2.774692E+01
   1.000359E-01 -2.768657E+01
   1.014360E-01 -2.756631E+01
   1.028361E-01 -2.744665E+01
   1.042362E-01 -2.732757E+01
   1.056364E-01 -2.720907E+01
   1.070365E-01 -2.709115E+01
   1.084366E-01 -2.697381E+01
   1.102013E-01 -2.682673E+01
   1.110836E-01 -2.675353E+01
   1.119660E-01 -2.668055E+01
   1.128483E-01 -2.660780E+01
   1.137307E-01 -2.653528E+01
   1.146130E-01 -2.646298E+01
   1.154954E-01 -2.639090E+01
   1.163777E-01 -2.631905E+01
   1.172600E-01 -2.624741E+01
   1.181424E-01 -2.617600E+01
   1.190247E-01 -2.610481E+01
   1.199071E-01 -2.603383E+01
   1.207894E-01 -2.596308E+01
   1.225541E-01 -2.582222E+01
   1.234365E-01 -2.575212E+01
   1.243188E-01 -2.568224E+01
   1.252012E-01 -2.561257E+01
   1.260835E-01 -2.554311E+01
   1.278482E-01 -2.540485E+01
   1.287305E-01 -2.533603E+01
   1.296129E-01 -2.526743E+01
   1.304952E-01 -2.519904E+01
   1.313776E-01 -2.513086E+01
   1.322599E-01 -2.506289E+01
   1.331423E-01 -2.499513E+01
   1.340246E-01 -2.492758E+01
   1.349069E-01 -2.486024E+01
   1.357893E-01 -2.479310E+01
   1.366716E-01 -2.472618E+01
   1.377837E-01 -2.464212E+01
   1.388958E-01 -2.455838E+01
   1.400079E-01 -2.447498E+01
   1.411200E-01 -2.439189E+01
   1.422321E-01 -2.430913E+01
   1.433442E-01 -2.422669E+01
   1.455684E-01 -2.406277E+01
   1.466805E-01 -2.398129E+01
   1.477926E-01 -2.390013E+01
   1.489047E-01 -2.381928E+01
   1.500167E-01 -2.373874E+01
   1.511288E-01 -2.365852E+01
   1.522409E-01 -2.357861E+01
   1.533530E-01 -2.349901E+01
   1.544651E-01 -2.341972E+01
   1.555772E-01 -2.334074E+01
   1.566893E-01 -2.326206E+01
   1.589135E-01 -2.310562E+01
   1.600256E-01 -2.302786E+01
   1.611377E-01 -2.295040E+01
   1.622498E-01 -2.287324E+01
   1.633619E-01 -2.279638E+01
   1.644739E-01 -2.271982E+01
   1.655860E-01 -2.264356E+01
   1.666981E-01 -2.256759E+01
   1.678102E-01 -2.249192E+01
   1.689223E-01 -2.241655E+01
   1.700344E-01 -2.234146E+01
   1.711465E-01 -2.226667E+01
   1.722586E-01 -2.219217E+01
   1.736603E-01 -2.209868E+01
   1.750619E-01 -2.200565E+01
   1.764636E-01 -2.191308E+01
   1.778652E-01 -2.182095E+01
   1.792669E-01 -2.172928E+01
   1.806686E-01 -2.163806E+01
   1.820702E-01 -2.154729E+01
   1.827711E-01 -2.150206E+01
   1.834719E-01 -2.145695E+01
   1.848736E-01 -2.136707E+01
   1.862752E-01 -2.127762E+01
   1.876769E-01 -2.118861E+01
   1.890785E-01 -2.110003E+01
   1.904802E-01 -2.101189E+01
   1.918819E-01 -2.092418E+01
   1.932835E-01 -2.083690E+01
   1.946852E-01 -2.075005E+01
   1.960869E-01 -2.066362E+01
   1.974885E-01 -2.057761E+01
   1.988902E-01 -2.049203E+01
   2.002918E-01 -2.040687E+01
   2.016935E-01 -2.032212E+01
   2.030952E-01 -2.023779E+01
   2.044968E-01 -2.015387E+01
   2.051977E-01 -2.011206E+01
   2.058985E-01 -2.007036E+01
   2.073002E-01 -1.998726E+01
   2.087018E-01 -1.990456E+01
   2.101035E-01 -1.982228E+01
   2.115051E-01 -1.974039E+01
   2.129068E-01 -1.965891E+01
   2.143085E-01 -1.957782E+01
   2.157101E-01 -1.949713E+01
   2.171118E-01 -1.941684E+01
   2.179951E-01 -1.936644E+01
   2.188784E-01 -1.931620E+01
   2.197617E-01 -1.926611E+01
   2.206451E-01 -1.921618E+01
   2.215284E-01 -1.916640E+01
   2.224117E-01 -1.911677E+01
   2.241783E-01 -1.901798E+01
   2.250616E-01 -1.896881E+01
   2.259450E-01 -1.891980E+01
   2.268283E-01 -1.887094E+01
   2.277116E-01 -1.882222E+01
   2.294782E-01 -1.872525E+01
   2.312448E-01 -1.862887E+01
   2.321282E-01 -1.858091E+01
   2.330115E-01 -1.853309E+01
   2.338948E-01 -1.848542E+01
   2.347781E-01 -1.843790E+01
   2.356614E-01 -1.839052E+01
   2.365447E-01 -1.834329E+01
   2.374281E-01 -1.829621E+01
   2.383114E-01 -1.824927E+01
   2.400780E-01 -1.815583E+01
   2.409613E-01 -1.810933E+01
   2.418446E-01 -1.806297E+01
   2.427280E-01 -1.801675E+01
   2.436113E-01 -1.797067E+01
   2.444946E-01 -1.792474E+01
   2.453779E-01 -1.787895E+01
   2.462612E-01 -1.783330E+01
   2.471445E-01 -1.778779E+01
   2.480278E-01 -1.774242E+01
   2.489112E-01 -1.769720E+01
   2.497945E-01 -1.765211E+01
   2.506778E-01 -1.760716E+01
   2.515611E-01 -1.756235E+01
   2.524444E-01 -1.751768E+01
   2.542111E-01 -1.742875E+01
   2.550944E-01 -1.738449E+01
   2.559777E-01 -1.734036E+01
   2.568610E-01 -1.729638E+01
   2.577443E-01 -1.725253E+01
   2.586276E-01 -1.720881E+01
   2.595109E-01 -1.716523E+01
   2.603943E-01 -1.712178E+01
   2.612776E-01 -1.707847E+01
   2.630442E-01 -1.699225E+01
   2.648108E-01 -1.690656E+01
   2.665775E-01 -1.682140E+01
   2.674608E-01 -1.677901E+01
   2.683441E-01 -1.673676E+01
   2.701107E-01 -1.665264E+01
   2.709941E-01 -1.661078E+01
   2.718774E-01 -1.656905E+01
   2.727607E-01 -1.652744E+01
   2.736440E-01 -1.648596E+01
   2.747573E-01 -1.643387E+01
   2.758706E-01 -1.638198E+01
   2.769839E-01 -1.633029E+01
   2.780973E-01 -1.627880E+01
   2.792106E-01 -1.622751E+01
   2.803239E-01 -1.617642E+01
   2.814372E-01 -1.612553E+01
   2.825505E-01 -1.607484E+01
   2.847772E-01 -1.597405E+01
   2.858905E-01 -1.592394E+01
   2.870038E-01 -1.587403E+01
   2.881171E-01 -1.582432E+01
   2.892304E-01 -1.577480E+01
   2.903437E-01 -1.572547E+01
   2.914571E-01 -1.567634E+01
   2.925704E-01 -1.562739E+01
   2.936837E-01 -1.557864E+01
   2.947970E-01 -1.553007E+01
   2.959103E-01 -1.548169E+01
   2.970236E-01 -1.543351E+01
   2.981370E-01 -1.538550E+01
   2.992503E-01 -1.533769E+01
   3.003636E-01 -1.529006E+01
   3.014769E-01 -1.524262E+01
   3.025902E-01 -1.519536E+01
   3.048168E-01 -1.510139E+01
   3.059302E-01 -1.505468E+01
   3.070435E-01 -1.500816E+01
   3.081568E-01 -1.496181E+01
   3.092701E-01 -1.491564E+01
   3.114967E-01 -1.482385E+01
   3.126101E-01 -1.477822E+01
   3.137234E-01 -1.473277E+01
   3.148367E-01 -1.468749E+01
   3.159500E-01 -1.464239E+01
   3.170633E-01 -1.459746E+01
   3.181766E-01 -1.455271E+01
   3.204033E-01 -1.446374E+01
   3.215166E-01 -1.441951E+01
   3.226299E-01 -1.437545E+01
   3.237432E-01 -1.433156E+01
   3.248565E-01 -1.428785E+01
   3.259699E-01 -1.424430E+01
   3.270832E-01 -1.420092E+01
   3.281965E-01 -1.415771E+01
   3.293098E-01 -1.411467E+01
   3.304231E-01 -1.407180E+01
   3.315364E-01 -1.402909E+01
   3.326497E-01 -1.398655E+01
   3.337631E-01 -1.394418E+01
   3.359897E-01 -1.385992E+01
   3.371030E-01 -1.381804E+01
   3.382163E-01 -1.377632E+01
   3.404430E-01 -1.369337E+01
   3.415563E-01 -1.365213E+01
   3.426696E-01 -1.361106E+01
   3.437829E-01 -1.357014E+01
   3.448962E-01 -1.352939E+01
   3.462994E-01 -1.347824E+01
   3.477026E-01 -1.342735E+01
   3.491058E-01 -1.337671E+01
   3.505090E-01 -1.332631E+01
   3.519122E-01 -1.327616E+01
   3.533155E-01 -1.322626E+01
   3.547187E-01 -1.317660E+01
   3.561219E-01 -1.312718E+01
   3.575251E-01 -1.307801E+01
   3.589283E-01 -1.302908E+01
   3.603315E-01 -1.298038E+01
   3.610331E-01 -1.295613E+01
   3.617347E-01 -1.293193E+01
   3.631379E-01 -1.288371E+01
   3.645411E-01 -1.283573E+01
   3.659443E-01 -1.278798E+01
   3.673475E-01 -1.274047E+01
   3.687507E-01 -1.269319E+01
   3.701539E-01 -1.264614E+01
   3.715571E-01 -1.259932E+01
   3.729603E-01 -1.255273E+01
   3.743635E-01 -1.250637E+01
   3.757667E-01 -1.246023E+01
   3.771699E-01 -1.241432E+01
   3.785731E-01 -1.236864E+01
   3.799763E-01 -1.232318E+01
   3.806779E-01 -1.230053E+01
   3.813795E-01 -1.227794E+01
   3.827827E-01 -1.223292E+01
   3.841860E-01 -1.218812E+01
   3.855892E-01 -1.214355E+01
   3.869924E-01 -1.209919E+01
   3.883956E-01 -1.205504E+01
   3.897988E-01 -1.201112E+01
   3.912020E-01 -1.196741E+01
   3.926052E-01 -1.192391E+01
   3.940084E-01 -1.188062E+01
   3.947100E-01 -1.185906E+01
   3.954116E-01 -1.183755E+01
   3.968148E-01 -1.179469E+01
   3.982180E-01 -1.175203E+01
   3.996212E-01 -1.170959E+01
   4.003228E-01 -1.168844E+01
   4.010244E-01 -1.166735E+01
   4.024276E-01 -1.162532E+01
   4.038308E-01 -1.158350E+01
   4.052340E-01 -1.154188E+01
   4.066372E-01 -1.150046E+01
   4.080404E-01 -1.145925E+01
   4.087420E-01 -1.143872E+01
   4.094436E-01 -1.141824E+01
   4.108468E-01 -1.137742E+01
   4.122500E-01 -1.133681E+01
   4.136532E-01 -1.129640E+01
   4.150565E-01 -1.125618E+01
   4.164597E-01 -1.121616E+01
   4.178629E-01 -1.117634E+01
   4.192661E-01 -1.113671E+01
   4.206693E-01 -1.109727E+01
   4.220725E-01 -1.105803E+01
   4.234757E-01 -1.101898E+01
   4.248789E-01 -1.098012E+01
   4.255805E-01 -1.096076E+01
   4.262821E-01 -1.094145E+01
   4.276853E-01 -1.090297E+01
   4.290885E-01 -1.086468E+01
   4.304917E-01 -1.082657E+01
   4.318949E-01 -1.078865E+01
   4.332981E-01 -1.075092E+01
   4.347013E-01 -1.071337E+01
   4.364699E-01 -1.066631E+01
   4.382385E-01 -1.061953E+01
   4.391228E-01 -1.059625E+01
   4.400070E-01 -1.057304E+01
   4.408913E-01 -1.054991E+01
   4.417756E-01 -1.052684E+01
   4.435442E-01 -1.048092E+01
   4.453128E-01 -1.043529E+01
   4.461971E-01 -1.041258E+01
   4.470813E-01 -1.038994E+01
   4.479656E-01 -1.036736E+01
   4.488499E-01 -1.034486E+01
   4.506185E-01 -1.030006E+01
   4.523871E-01 -1.025554E+01
   4.541556E-01 -1.021129E+01
   4.550399E-01 -1.018927E+01
   4.559242E-01 -1.016732E+01
   4.576928E-01 -1.012361E+01
   4.594614E-01 -1.008018E+01
   4.603457E-01 -1.005856E+01
   4.612299E-01 -1.003701E+01
   4.621142E-01 -1.001552E+01
   4.629985E-01 -9.994104E+00
   4.647671E-01 -9.951464E+00
   4.656514E-01 -9.930243E+00
   4.665357E-01 -9.909087E+00
   4.674200E-01 -9.887996E+00
   4.683042E-01 -9.866970E+00
   4.700728E-01 -9.825112E+00
   4.718414E-01 -9.783512E+00
   4.736100E-01 -9.742167E+00
   4.753785E-01 -9.701077E+00
   4.762628E-01 -9.680626E+00
   4.771471E-01 -9.660239E+00
   4.780314E-01 -9.639914E+00
   4.789157E-01 -9.619652E+00
   4.798000E-01 -9.599452E+00
   4.806843E-01 -9.579315E+00
   4.815686E-01 -9.559239E+00
   4.824528E-01 -9.539225E+00
   4.833371E-01 -9.519273E+00
   4.842214E-01 -9.499382E+00
   4.859900E-01 -9.459784E+00
   4.868743E-01 -9.440076E+00
   4.877586E-01 -9.420429E+00
   4.886429E-01 -9.400843E+00
   4.895271E-01 -9.381316E+00
   4.912957E-01 -9.342443E+00
   4.930643E-01 -9.303810E+00
   4.939486E-01 -9.284582E+00
   4.948329E-01 -9.265413E+00
   4.957172E-01 -9.246304E+00
   4.966014E-01 -9.227253E+00
   4.983700E-01 -9.189326E+00
   4.992543E-01 -9.170451E+00
   5.001386E-01 -9.151633E+00
   5.010229E-01 -9.132873E+00
   5.019072E-01 -9.114171E+00
   5.036757E-01 -9.076940E+00
   5.054443E-01 -9.039937E+00
   5.072129E-01 -9.003161E+00
   5.080972E-01 -8.984858E+00
   5.089815E-01 -8.966611E+00
   5.098658E-01 -8.948420E+00
   5.107500E-01 -8.930285E+00
   5.116343E-01 -8.912206E+00
   5.125186E-01 -8.894183E+00
   5.142872E-01 -8.858302E+00
   5.160558E-01 -8.822641E+00
   5.178243E-01 -8.787199E+00
   5.187086E-01 -8.769560E+00
   5.195929E-01 -8.751975E+00
   5.213615E-01 -8.716966E+00
   5.231301E-01 -8.682173E+00
   5.240144E-01 -8.664856E+00
   5.248986E-01 -8.647593E+00
   5.257829E-01 -8.630383E+00
   5.266672E-01 -8.613225E+00
   5.284358E-01 -8.579068E+00
   5.293201E-01 -8.562068E+00
   5.302044E-01 -8.545121E+00
   5.310887E-01 -8.528225E+00
   5.319729E-01 -8.511382E+00
   5.337415E-01 -8.477849E+00
   5.355101E-01 -8.444523E+00
   5.372787E-01 -8.411400E+00
   5.390472E-01 -8.378481E+00
   5.408158E-01 -8.345764E+00
   5.425844E-01 -8.313247E+00
   5.443530E-01 -8.280929E+00
   5.452373E-01 -8.264845E+00
   5.461215E-01 -8.248810E+00
   5.478901E-01 -8.216887E+00
   5.490047E-01 -8.196870E+00
   5.501192E-01 -8.176931E+00
   5.512337E-01 -8.157068E+00
   5.523483E-01 -8.137283E+00
   5.545774E-01 -8.097941E+00
   5.556919E-01 -8.078384E+00
   5.568064E-01 -8.058902E+00
   5.579210E-01 -8.039496E+00
   5.590355E-01 -8.020165E+00
   5.601501E-01 -8.000908E+00
   5.612646E-01 -7.981726E+00
   5.623791E-01 -7.962618E+00
   5.634937E-01 -7.943584E+00
   5.646082E-01 -7.924623E+00
   5.657228E-01 -7.905736E+00
   5.668373E-01 -7.886921E+00
   5.679519E-01 -7.868179E+00
   5.690664E-01 -7.849510E+00
   5.701809E-01 -7.830912E+00
   5.712955E-01 -7.812387E+00
   5.724100E-01 -7.793933E+00
   5.735246E-01 -7.775550E+00
   5.746391E-01 -7.757238E+00
   5.768682E-01 -7.720826E+00
   5.779827E-01 -7.702725E+00
   5.790973E-01 -7.684694E+00
   5.802118E-01 -7.666733E+00
   5.813263E-01 -7.648841E+00
   5.824409E-01 -7.631018E+00
   5.835554E-01 -7.613264E+00
   5.846700E-01 -7.595579E+00
   5.857845E-01 -7.577961E+00
   5.868990E-01 -7.560412E+00
   5.880136E-01 -7.542930E+00
   5.891281E-01 -7.525516E+00
   5.902427E-01 -7.508169E+00
   5.913572E-01 -7.490888E+00
   5.924718E-01 -7.473675E+00
   5.935863E-01 -7.456527E+00
   5.947008E-01 -7.439446E+00
   5.969299E-01 -7.405481E+00
   5.980445E-01 -7.388597E+00
   5.991590E-01 -7.371778E+00
   6.002735E-01 -7.355023E+00
   6.013881E-01 -7.338333E+00
   6.036172E-01 -7.305146E+00
   6.047317E-01 -7.288648E+00
   6.058462E-01 -7.272214E+00
   6.069608E-01 -7.255843E+00
   6.080753E-01 -7.239535E+00
   6.091899E-01 -7.223290E+00
   6.103044E-01 -7.207107E+00
   6.114189E-01 -7.190987E+00
   6.125335E-01 -7.174929E+00
   6.136480E-01 -7.158933E+00
   6.147626E-01 -7.142998E+00
   6.169917E-01 -7.111312E+00
   6.181062E-01 -7.095561E+00
   6.192207E-01 -7.079870E+00
   6.203353E-01 -7.064240E+00
   6.214498E-01 -7.048670E+00
   6.225644E-01 -7.033159E+00
   6.236789E-01 -7.017708E+00
   6.247934E-01 -7.002317E+00
   6.259080E-01 -6.986985E+00
   6.270225E-01 -6.971712E+00
   6.281371E-01 -6.956498E+00
   6.292516E-01 -6.941342E+00
   6.303661E-01 -6.926244E+00
   6.314807E-01 -6.911205E+00
   6.325952E-01 -6.896223E+00
   6.337098E-01 -6.881299E+00
   6.348243E-01 -6.866432E+00
   6.359388E-01 -6.851622E+00
   6.370534E-01 -6.836870E+00
   6.381679E-01 -6.822174E+00
   6.392825E-01 -6.807534E+00
   6.403970E-01 -6.792951E+00
   6.415116E-01 -6.778423E+00
   6.426261E-01 -6.763952E+00
   6.437406E-01 -6.749536E+00
   6.448552E-01 -6.735175E+00
   6.459697E-01 -6.720870E+00
   6.481988E-01 -6.692424E+00
   6.493133E-01 -6.678282E+00
   6.504279E-01 -6.664195E+00
   6.515424E-01 -6.650162E+00
   6.526570E-01 -6.636183E+00
   6.548860E-01 -6.608386E+00
   6.560006E-01 -6.594567E+00
   6.571151E-01 -6.580801E+00
   6.582297E-01 -6.567088E+00
   6.593442E-01 -6.553428E+00
   6.615733E-01 -6.526264E+00
   6.626878E-01 -6.512760E+00
   6.638024E-01 -6.499308E+00
   6.649169E-01 -6.485907E+00
   6.660315E-01 -6.472558E+00
   6.682605E-01 -6.446013E+00
   6.704896E-01 -6.419671E+00
   6.716042E-01 -6.406576E+00
   6.727187E-01 -6.393530E+00
   6.749478E-01 -6.367590E+00
   6.760623E-01 -6.354694E+00
   6.771769E-01 -6.341847E+00
   6.782914E-01 -6.329050E+00
   6.794059E-01 -6.316301E+00
   6.816350E-01 -6.290951E+00
   6.827496E-01 -6.278348E+00
   6.838641E-01 -6.265794E+00
   6.849786E-01 -6.253288E+00
   6.860932E-01 -6.240829E+00
   6.883223E-01 -6.216055E+00
   6.905514E-01 -6.191470E+00
   6.919561E-01 -6.176073E+00
   6.933608E-01 -6.160750E+00
   6.947656E-01 -6.145501E+00
   6.961703E-01 -6.130326E+00
   6.989798E-01 -6.100193E+00
   7.003846E-01 -6.085236E+00
   7.017893E-01 -6.070350E+00
   7.031941E-01 -6.055536E+00
   7.045988E-01 -6.040793E+00
   7.074083E-01 -6.011520E+00
   7.088131E-01 -5.996989E+00
   7.102178E-01 -5.982528E+00
   7.116226E-01 -5.968136E+00
   7.130273E-01 -5.953813E+00
   7.144321E-01 -5.939559E+00
   7.158368E-01 -5.925374E+00
   7.172416E-01 -5.911257E+00
   7.186463E-01 -5.897207E+00
   7.200511E-01 -5.883225E+00
   7.214558E-01 -5.869310E+00
   7.228606E-01 -5.855462E+00
   7.242653E-01 -5.841680E+00
   7.270748E-01 -5.814315E+00
   7.284796E-01 -5.800731E+00
   7.298843E-01 -5.787211E+00
   7.312891E-01 -5.773757E+00
   7.326938E-01 -5.760367E+00
   7.340985E-01 -5.747041E+00
   7.355033E-01 -5.733779E+00
   7.369080E-01 -5.720581E+00
   7.383128E-01 -5.707446E+00
   7.397175E-01 -5.694373E+00
   7.411223E-01 -5.681363E+00
   7.425270E-01 -5.668416E+00
   7.439318E-01 -5.655531E+00
   7.453365E-01 -5.642707E+00
   7.467413E-01 -5.629944E+00
   7.495508E-01 -5.604602E+00
   7.509555E-01 -5.592022E+00
   7.523603E-01 -5.579502E+00
   7.537650E-01 -5.567041E+00
   7.551698E-01 -5.554641E+00
   7.565745E-01 -5.542299E+00
   7.579793E-01 -5.530016E+00
   7.593840E-01 -5.517793E+00
   7.607888E-01 -5.505627E+00
   7.621935E-01 -5.493519E+00
   7.635983E-01 -5.481470E+00
   7.650030E-01 -5.469478E+00
   7.664078E-01 -5.457543E+00
   7.692173E-01 -5.433843E+00
   7.706220E-01 -5.422078E+00
   7.720268E-01 -5.410369E+00
   7.734315E-01 -5.398716E+00
   7.748363E-01 -5.387118E+00
   7.776457E-01 -5.364088E+00
   7.790505E-01 -5.352655E+00
   7.804552E-01 -5.341277E+00
   7.818600E-01 -5.329953E+00
   7.832647E-01 -5.318683E+00
   7.846695E-01 -5.307466E+00
   7.860742E-01 -5.296303E+00
   7.874790E-01 -5.285192E+00
   7.888837E-01 -5.274135E+00
   7.902885E-01 -5.263130E+00
   7.916932E-01 -5.252177E+00
   7.945027E-01 -5.230428E+00
   7.959075E-01 -5.219631E+00
   7.973122E-01 -5.208885E+00
   7.987170E-01 -5.198190E+00
   8.001217E-01 -5.187545E+00
   8.015265E-01 -5.176951E+00
   8.029312E-01 -5.166408E+00
   8.043360E-01 -5.155914E+00
   8.057407E-01 -5.145471E+00
   8.071455E-01 -5.135076E+00
   8.085502E-01 -5.124731E+00
   8.099550E-01 -5.114435E+00
   8.113597E-01 -5.104188E+00
   8.127645E-01 -5.093989E+00
   8.141692E-01 -5.083839E+00
   8.155740E-01 -5.073736E+00
   8.169787E-01 -5.063681E+00
   8.183834E-01 -5.053674E+00
   8.197882E-01 -5.043714E+00
   8.211929E-01 -5.033802E+00
   8.225977E-01 -5.023936E+00
   8.240024E-01 -5.014117E+00
   8.254072E-01 -5.004344E+00
   8.268119E-01 -4.994617E+00
   8.282167E-01 -4.984936E+00
   8.296214E-01 -4.975301E+00
   8.310262E-01 -4.965711E+00
   8.338357E-01 -4.946667E+00
   8.352404E-01 -4.937213E+00
   8.366452E-01 -4.927803E+00
   8.380499E-01 -4.918437E+00
   8.394547E-01 -4.909115E+00
   8.408594E-01 -4.899838E+00
   8.422642E-01 -4.890604E+00
   8.436689E-01 -4.881413E+00
   8.450737E-01 -4.872266E+00
   8.464784E-01 -4.863162E+00
   8.478832E-01 -4.854100E+00
   8.492879E-01 -4.845081E+00
   8.506927E-01 -4.836105E+00
   8.520974E-01 -4.827170E+00
   8.535022E-01 -4.818278E+00
   8.549069E-01 -4.809427E+00
   8.563117E-01 -4.800618E+00
   8.591211E-01 -4.783124E+00
   8.605259E-01 -4.774438E+00
   8.619306E-01 -4.765794E+00
   8.633354E-01 -4.757189E+00
   8.647401E-01 -4.748625E+00
   8.661449E-01 -4.740101E+00
   8.675496E-01 -4.731617E+00
   8.689544E-01 -4.723173E+00
   8.703591E-01 -4.714768E+00
   8.721297E-01 -4.704231E+00
   8.739002E-01 -4.693755E+00
   8.756707E-01 -4.683342E+00
   8.774412E-01 -4.672990E+00
   8.792117E-01 -4.662698E+00
   8.809823E-01 -4.652468E+00
   8.818675E-01 -4.647375E+00
   8.827528E-01 -4.642297E+00
   8.845233E-01 -4.632186E+00
   8.862938E-01 -4.622135E+00
   8.880643E-01 -4.612142E+00
   8.898349E-01 -4.602208E+00
   8.916054E-01 -4.592333E+00
   8.933759E-01 -4.582515E+00
   8.951464E-01 -4.572755E+00
   8.969169E-01 -4.563052E+00
   8.978022E-01 -4.558222E+00
   8.986875E-01 -4.553406E+00
   9.004580E-01 -4.543816E+00
   9.022285E-01 -4.534283E+00
   9.039990E-01 -4.524805E+00
   9.057696E-01 -4.515382E+00
   9.075401E-01 -4.506015E+00
   9.093106E-01 -4.496702E+00
   9.110811E-01 -4.487444E+00
   9.128516E-01 -4.478240E+00
   9.146222E-01 -4.469089E+00
   9.163927E-01 -4.459992E+00
   9.181632E-01 -4.450948E+00
   9.199337E-01 -4.441956E+00
   9.217042E-01 -4.433017E+00
   9.234748E-01 -4.424130E+00
   9.252453E-01 -4.415295E+00
   9.270158E-01 -4.406510E+00
   9.287863E-01 -4.397777E+00
   9.305568E-01 -4.389095E+00
   9.323274E-01 -4.380463E+00
   9.340979E-01 -4.371881E+00
   9.376389E-01 -4.354866E+00
   9.394094E-01 -4.346432E+00
   9.411800E-01 -4.338048E+00
   9.429505E-01 -4.329711E+00
   9.447210E-01 -4.321423E+00
   9.482621E-01 -4.304991E+00
   9.500326E-01 -4.296845E+00
   9.518031E-01 -4.288747E+00
   9.535736E-01 -4.280696E+00
   9.553441E-01 -4.272691E+00
   9.571147E-01 -4.264732E+00
   9.588852E-01 -4.256818E+00
   9.606557E-01 -4.248951E+00
   9.624262E-01 -4.241128E+00
   9.659673E-01 -4.225618E+00
   9.677378E-01 -4.217930E+00
   9.695083E-01 -4.210286E+00
   9.712788E-01 -4.202686E+00
   9.730493E-01 -4.195129E+00
   9.748199E-01 -4.187615E+00
   9.765904E-01 -4.180145E+00
   9.783609E-01 -4.172717E+00
   9.801314E-01 -4.165332E+00
   9.819019E-01 -4.157989E+00
   9.836725E-01 -4.150688E+00
   9.854430E-01 -4.143429E+00
   9.872135E-01 -4.136211E+00
   9.889840E-01 -4.129034E+00
   9.907546E-01 -4.121898E+00
   9.925251E-01 -4.114803E+00
   9.942956E-01 -4.107748E+00
   9.960661E-01 -4.100733E+00
   9.978366E-01 -4.093758E+00
   1.001378E+00 -4.079927E+00
   1.003148E+00 -4.073070E+00
   1.004919E+00 -4.066252E+00
   1.006689E+00 -4.059473E+00
   1.008460E+00 -4.052732E+00
   1.010230E+00 -4.046029E+00
   1.012001E+00 -4.039364E+00
   1.013771E+00 -4.032737E+00
   1.015542E+00 -4.026148E+00
   1.017312E+00 -4.019595E+00
   1.019083E+00 -4.013079E+00
   1.022624E+00 -4.000158E+00
   1.024394E+00 -3.993752E+00
   1.026165E+00 -3.987382E+00
   1.027935E+00 -3.981047E+00
   1.029706E+00 -3.974749E+00
   1.031477E+00 -3.968485E+00
   1.033247E+00 -3.962257E+00
   1.035018E+00 -3.956064E+00
   1.036788E+00 -3.949905E+00
   1.038559E+00 -3.943781E+00
   1.040329E+00 -3.937691E+00
   1.043870E+00 -3.925613E+00
   1.045641E+00 -3.919624E+00
   1.047411E+00 -3.913669E+00
   1.049182E+00 -3.907747E+00
   1.050952E+00 -3.901858E+00
   1.052723E+00 -3.896002E+00
   1.054493E+00 -3.890178E+00
   1.056264E+00 -3.884387E+00
   1.058034E+00 -3.878628E+00
   1.059805E+00 -3.872900E+00
   1.061575E+00 -3.867205E+00
   1.063346E+00 -3.861541E+00
   1.065116E+00 -3.855908E+00
   1.066887E+00 -3.850307E+00
   1.068657E+00 -3.844736E+00
   1.070428E+00 -3.839196E+00
   1.072199E+00 -3.833687E+00
   1.073969E+00 -3.828208E+00
   1.075740E+00 -3.822760E+00
   1.079281E+00 -3.811952E+00
   1.081051E+00 -3.806592E+00
   1.082822E+00 -3.801263E+00
   1.084592E+00 -3.795962E+00
   1.086363E+00 -3.790690E+00
   1.088133E+00 -3.785447E+00
   1.089904E+00 -3.780233E+00
   1.091674E+00 -3.775047E+00
   1.093445E+00 -3.769890E+00
   1.095215E+00 -3.764761E+00
   1.096986E+00 -3.759660E+00
   1.099217E+00 -3.753269E+00
   1.101449E+00 -3.746923E+00
   1.103680E+00 -3.740620E+00
   1.105912E+00 -3.734361E+00
   1.108143E+00 -3.728144E+00
   1.110375E+00 -3.721969E+00
   1.112607E+00 -3.715837E+00
   1.114838E+00 -3.709746E+00
   1.117070E+00 -3.703696E+00
   1.119301E+00 -3.697688E+00
   1.121533E+00 -3.691720E+00
   1.123764E+00 -3.685793E+00
   1.125996E+00 -3.679906E+00
   1.128227E+00 -3.674058E+00
   1.130459E+00 -3.668251E+00
   1.131575E+00 -3.665361E+00
   1.132690E+00 -3.662482E+00
   1.134922E+00 -3.656752E+00
   1.137153E+00 -3.651060E+00
   1.139385E+00 -3.645407E+00
   1.141616E+00 -3.639792E+00
   1.143848E+00 -3.634214E+00
   1.146080E+00 -3.628674E+00
   1.148311E+00 -3.623170E+00
   1.150543E+00 -3.617703E+00
   1.152774E+00 -3.612273E+00
   1.155006E+00 -3.606879E+00
   1.157237E+00 -3.601520E+00
   1.159469E+00 -3.596198E+00
   1.161700E+00 -3.590910E+00
   1.163932E+00 -3.585658E+00
   1.166163E+00 -3.580440E+00
   1.168395E+00 -3.575256E+00
   1.170626E+00 -3.570107E+00
   1.172858E+00 -3.564992E+00
   1.175089E+00 -3.559910E+00
   1.177321E+00 -3.554861E+00
   1.179553E+00 -3.549846E+00
   1.181784E+00 -3.544864E+00
   1.184016E+00 -3.539914E+00
   1.186247E+00 -3.534996E+00
   1.190710E+00 -3.525256E+00
   1.192942E+00 -3.520434E+00
   1.195173E+00 -3.515643E+00
   1.197405E+00 -3.510883E+00
   1.199636E+00 -3.506154E+00
   1.201868E+00 -3.501455E+00
   1.204099E+00 -3.496787E+00
   1.206331E+00 -3.492148E+00
   1.208563E+00 -3.487540E+00
   1.210794E+00 -3.482961E+00
   1.213026E+00 -3.478411E+00
   1.215257E+00 -3.473890E+00
   1.217489E+00 -3.469399E+00
   1.221952E+00 -3.460501E+00
   1.224183E+00 -3.456095E+00
   1.226415E+00 -3.451716E+00
   1.228646E+00 -3.447365E+00
   1.230878E+00 -3.443042E+00
   1.235341E+00 -3.434477E+00
   1.237572E+00 -3.430235E+00
   1.239804E+00 -3.426020E+00
   1.242036E+00 -3.421831E+00
   1.244267E+00 -3.417668E+00
   1.246499E+00 -3.413532E+00
   1.248730E+00 -3.409421E+00
   1.250962E+00 -3.405336E+00
   1.253193E+00 -3.401276E+00
   1.255425E+00 -3.397241E+00
   1.257656E+00 -3.393231E+00
   1.259888E+00 -3.389246E+00
   1.262119E+00 -3.385286E+00
   1.264351E+00 -3.381350E+00
   1.266582E+00 -3.377439E+00
   1.271045E+00 -3.369687E+00
   1.273277E+00 -3.365847E+00
   1.275509E+00 -3.362030E+00
   1.277740E+00 -3.358237E+00
   1.279972E+00 -3.354466E+00
   1.282203E+00 -3.350719E+00
   1.284435E+00 -3.346994E+00
   1.286666E+00 -3.343292E+00
   1.288898E+00 -3.339612E+00
   1.291129E+00 -3.335954E+00
   1.293361E+00 -3.332318E+00
   1.295592E+00 -3.328704E+00
   1.297824E+00 -3.325112E+00
   1.300055E+00 -3.321541E+00
   1.302287E+00 -3.317992E+00
   1.306750E+00 -3.310956E+00
   1.308982E+00 -3.307469E+00
   1.311213E+00 -3.304003E+00
   1.313445E+00 -3.300558E+00
   1.315676E+00 -3.297133E+00
   1.317908E+00 -3.293728E+00
   1.320139E+00 -3.290342E+00
   1.322371E+00 -3.286977E+00
   1.324602E+00 -3.283632E+00
   1.326834E+00 -3.280305E+00
   1.329065E+00 -3.276999E+00
   1.331297E+00 -3.273711E+00
   1.333528E+00 -3.270443E+00
   1.337991E+00 -3.263962E+00
   1.340223E+00 -3.260750E+00
   1.342455E+00 -3.257556E+00
   1.344686E+00 -3.254381E+00
   1.346918E+00 -3.251223E+00
   1.349149E+00 -3.248084E+00
   1.351381E+00 -3.244962E+00
   1.353612E+00 -3.241859E+00
   1.355844E+00 -3.238773E+00
   1.358075E+00 -3.235704E+00
   1.360307E+00 -3.232652E+00
   1.362538E+00 -3.229618E+00
   1.364770E+00 -3.226601E+00
   1.369233E+00 -3.220617E+00
   1.371465E+00 -3.217650E+00
   1.373696E+00 -3.214700E+00
   1.375928E+00 -3.211766E+00
   1.378159E+00 -3.208848E+00
   1.382622E+00 -3.203061E+00
   1.385435E+00 -3.199446E+00
   1.388247E+00 -3.195857E+00
   1.391060E+00 -3.192292E+00
   1.393873E+00 -3.188752E+00
   1.399498E+00 -3.181743E+00
   1.402310E+00 -3.178275E+00
   1.405123E+00 -3.174830E+00
   1.410748E+00 -3.168009E+00
   1.413561E+00 -3.164633E+00
   1.416373E+00 -3.161280E+00
   1.419186E+00 -3.157948E+00
   1.421998E+00 -3.154640E+00
   1.427624E+00 -3.148087E+00
   1.430436E+00 -3.144843E+00
   1.433249E+00 -3.141620E+00
   1.436061E+00 -3.138419E+00
   1.438874E+00 -3.135238E+00
   1.441687E+00 -3.132078E+00
   1.444499E+00 -3.128938E+00
   1.447312E+00 -3.125818E+00
   1.450124E+00 -3.122719E+00
   1.452937E+00 -3.119639E+00
   1.455749E+00 -3.116579E+00
   1.458562E+00 -3.113538E+00
   1.461375E+00 -3.110517E+00
   1.464187E+00 -3.107514E+00
   1.467000E+00 -3.104531E+00
   1.469812E+00 -3.101566E+00
   1.472625E+00 -3.098620E+00
   1.478250E+00 -3.092781E+00
   1.481063E+00 -3.089889E+00
   1.483875E+00 -3.087015E+00
   1.486688E+00 -3.084158E+00
   1.489501E+00 -3.081319E+00
   1.492313E+00 -3.078497E+00
   1.495126E+00 -3.075692E+00
   1.497938E+00 -3.072904E+00
   1.500751E+00 -3.070133E+00
   1.503563E+00 -3.067378E+00
   1.506376E+00 -3.064640E+00
   1.512001E+00 -3.059212E+00
   1.514814E+00 -3.056521E+00
   1.517626E+00 -3.053847E+00
   1.520439E+00 -3.051188E+00
   1.523252E+00 -3.048545E+00
   1.526064E+00 -3.045917E+00
   1.528877E+00 -3.043305E+00
   1.531689E+00 -3.040707E+00
   1.534502E+00 -3.038124E+00
   1.537314E+00 -3.035556E+00
   1.540127E+00 -3.033002E+00
   1.542940E+00 -3.030463E+00
   1.545752E+00 -3.027938E+00
   1.548565E+00 -3.025428E+00
   1.551377E+00 -3.022931E+00
   1.554190E+00 -3.020448E+00
   1.557003E+00 -3.017979E+00
   1.559815E+00 -3.015524E+00
   1.562628E+00 -3.013082E+00
   1.565440E+00 -3.010653E+00
   1.568253E+00 -3.008238E+00
   1.571066E+00 -3.005835E+00
   1.573878E+00 -3.003446E+00
   1.579503E+00 -2.998706E+00
   1.582316E+00 -2.996355E+00
   1.585128E+00 -2.994016E+00
   1.587941E+00 -2.991690E+00
   1.590754E+00 -2.989375E+00
   1.593566E+00 -2.987073E+00
   1.596379E+00 -2.984783E+00
   1.599191E+00 -2.982505E+00
   1.602004E+00 -2.980239E+00
   1.604817E+00 -2.977984E+00
   1.607629E+00 -2.975741E+00
   1.610442E+00 -2.973509E+00
   1.613254E+00 -2.971288E+00
   1.618880E+00 -2.966881E+00
   1.621692E+00 -2.964694E+00
   1.624505E+00 -2.962517E+00
   1.627317E+00 -2.960352E+00
   1.630130E+00 -2.958197E+00
   1.635755E+00 -2.953919E+00
   1.638568E+00 -2.951795E+00
   1.641380E+00 -2.949682E+00
   1.647005E+00 -2.945486E+00
   1.649818E+00 -2.943403E+00
   1.652631E+00 -2.941330E+00
   1.655443E+00 -2.939267E+00
   1.658256E+00 -2.937214E+00
   1.663881E+00 -2.933135E+00
   1.666694E+00 -2.931111E+00
   1.669506E+00 -2.929095E+00
   1.672319E+00 -2.927089E+00
   1.675131E+00 -2.925091E+00
   1.680756E+00 -2.921124E+00
   1.686382E+00 -2.917193E+00
   1.689194E+00 -2.915240E+00
   1.692007E+00 -2.913296E+00
   1.694819E+00 -2.911361E+00
   1.697632E+00 -2.909434E+00
   1.703257E+00 -2.905605E+00
   1.706070E+00 -2.903704E+00
   1.708882E+00 -2.901810E+00
   1.711695E+00 -2.899925E+00
   1.714508E+00 -2.898047E+00
   1.720133E+00 -2.894316E+00
   1.725758E+00 -2.890616E+00
   1.731383E+00 -2.886947E+00
   1.737008E+00 -2.883308E+00
   1.742633E+00 -2.879699E+00
   1.746178E+00 -2.877439E+00
   1.749723E+00 -2.875191E+00
   1.753268E+00 -2.872954E+00
   1.756813E+00 -2.870728E+00
   1.760358E+00 -2.868513E+00
   1.763903E+00 -2.866309E+00
   1.767448E+00 -2.864116E+00
   1.770993E+00 -2.861934E+00
   1.774538E+00 -2.859762E+00
   1.778083E+00 -2.857600E+00
   1.781628E+00 -2.855449E+00
   1.785173E+00 -2.853308E+00
   1.788718E+00 -2.851177E+00
   1.792263E+00 -2.849056E+00
   1.799352E+00 -2.844843E+00
   1.802897E+00 -2.842752E+00
   1.806442E+00 -2.840669E+00
   1.809987E+00 -2.838596E+00
   1.813532E+00 -2.836533E+00
   1.817077E+00 -2.834478E+00
   1.820622E+00 -2.832433E+00
   1.824167E+00 -2.830397E+00
   1.827712E+00 -2.828369E+00
   1.831257E+00 -2.826351E+00
   1.834802E+00 -2.824341E+00
   1.838347E+00 -2.822340E+00
   1.841892E+00 -2.820347E+00
   1.848982E+00 -2.816387E+00
   1.852526E+00 -2.814419E+00
   1.856071E+00 -2.812460E+00
   1.859616E+00 -2.810508E+00
   1.863161E+00 -2.808565E+00
   1.866706E+00 -2.806629E+00
   1.870251E+00 -2.804702E+00
   1.873796E+00 -2.802782E+00
   1.877341E+00 -2.800869E+00
   1.880886E+00 -2.798965E+00
   1.884431E+00 -2.797067E+00
   1.891521E+00 -2.793295E+00
   1.895066E+00 -2.791420E+00
   1.898611E+00 -2.789552E+00
   1.902156E+00 -2.787691E+00
   1.905701E+00 -2.785837E+00
   1.912790E+00 -2.782150E+00
   1.919880E+00 -2.778491E+00
   1.923425E+00 -2.776671E+00
   1.926970E+00 -2.774858E+00
   1.934060E+00 -2.771252E+00
   1.941150E+00 -2.767672E+00
   1.948240E+00 -2.764116E+00
   1.955330E+00 -2.760586E+00
   1.962420E+00 -2.757079E+00
   1.965964E+00 -2.755335E+00
   1.969509E+00 -2.753597E+00
   1.976599E+00 -2.750138E+00
   1.983689E+00 -2.746702E+00
   1.990779E+00 -2.743288E+00
   1.997869E+00 -2.739896E+00
   2.004959E+00 -2.736526E+00
   2.008504E+00 -2.734849E+00
   2.012049E+00 -2.733178E+00
   2.019139E+00 -2.729850E+00
   2.026228E+00 -2.726543E+00
   2.033318E+00 -2.723256E+00
   2.040408E+00 -2.719989E+00
   2.047498E+00 -2.716741E+00
   2.051043E+00 -2.715124E+00
   2.054588E+00 -2.713512E+00
   2.061678E+00 -2.710303E+00
   2.068768E+00 -2.707111E+00
   2.075858E+00 -2.703938E+00
   2.082947E+00 -2.700783E+00
   2.090037E+00 -2.697646E+00
   2.093582E+00 -2.696084E+00
   2.097127E+00 -2.694526E+00
   2.104217E+00 -2.691422E+00
   2.111307E+00 -2.688336E+00
   2.118397E+00 -2.685266E+00
   2.125487E+00 -2.682213E+00
   2.132576E+00 -2.679175E+00
   2.139666E+00 -2.676154E+00
   2.146756E+00 -2.673148E+00
   2.153846E+00 -2.670157E+00
   2.160936E+00 -2.667182E+00
   2.168026E+00 -2.664221E+00
   2.175116E+00 -2.661275E+00
   2.182206E+00 -2.658344E+00
   2.189295E+00 -2.655426E+00
   2.196385E+00 -2.652524E+00
   2.205321E+00 -2.648885E+00
   2.214257E+00 -2.645267E+00
   2.223193E+00 -2.641672E+00
   2.232129E+00 -2.638097E+00
   2.241065E+00 -2.634543E+00
   2.250001E+00 -2.631010E+00
   2.258937E+00 -2.627497E+00
   2.267873E+00 -2.624004E+00
   2.276809E+00 -2.620530E+00
   2.285745E+00 -2.617076E+00
   2.294681E+00 -2.613641E+00
   2.303617E+00 -2.610225E+00
   2.312553E+00 -2.606828E+00
   2.321489E+00 -2.603449E+00
   2.330425E+00 -2.600088E+00
   2.339361E+00 -2.596745E+00
   2.348297E+00 -2.593419E+00
   2.357233E+00 -2.590112E+00
   2.366169E+00 -2.586821E+00
   2.375105E+00 -2.583548E+00
   2.384040E+00 -2.580292E+00
   2.392976E+00 -2.577052E+00
   2.401912E+00 -2.573830E+00
   2.406380E+00 -2.572224E+00
   2.410848E+00 -2.570623E+00
   2.419784E+00 -2.567433E+00
   2.428720E+00 -2.564259E+00
   2.437656E+00 -2.561102E+00
   2.446592E+00 -2.557960E+00
   2.455528E+00 -2.554834E+00
   2.464464E+00 -2.551723E+00
   2.473400E+00 -2.548628E+00
   2.482336E+00 -2.545548E+00
   2.491272E+00 -2.542484E+00
   2.500208E+00 -2.539434E+00
   2.509144E+00 -2.536400E+00
   2.518080E+00 -2.533380E+00
   2.527016E+00 -2.530376E+00
   2.535952E+00 -2.527386E+00
   2.544888E+00 -2.524410E+00
   2.553824E+00 -2.521449E+00
   2.562760E+00 -2.518503E+00
   2.571696E+00 -2.515571E+00
   2.580632E+00 -2.512653E+00
   2.589567E+00 -2.509749E+00
   2.598503E+00 -2.506860E+00
   2.607439E+00 -2.503984E+00
   2.616375E+00 -2.501122E+00
   2.625311E+00 -2.498274E+00
   2.634247E+00 -2.495440E+00
   2.643183E+00 -2.492620E+00
   2.652119E+00 -2.489813E+00
   2.661055E+00 -2.487020E+00
   2.669991E+00 -2.484240E+00
   2.678927E+00 -2.481473E+00
   2.687863E+00 -2.478721E+00
   2.696799E+00 -2.475981E+00
   2.705735E+00 -2.473255E+00
   2.714671E+00 -2.470541E+00
   2.723607E+00 -2.467841E+00
   2.732543E+00 -2.465154E+00
   2.741479E+00 -2.462481E+00
   2.750415E+00 -2.459820E+00
   2.759351E+00 -2.457172E+00
   2.768287E+00 -2.454537E+00
   2.779549E+00 -2.451234E+00
   2.790812E+00 -2.447951E+00
   2.802075E+00 -2.444689E+00
   2.813338E+00 -2.441447E+00
   2.824600E+00 -2.438224E+00
   2.835863E+00 -2.435022E+00
   2.847126E+00 -2.431840E+00
   2.858388E+00 -2.428677E+00
   2.869651E+00 -2.425534E+00
   2.880914E+00 -2.422411E+00
   2.892177E+00 -2.419307E+00
   2.903439E+00 -2.416223E+00
   2.925965E+00 -2.410112E+00
   2.937228E+00 -2.407085E+00
   2.948490E+00 -2.404078E+00
   2.959753E+00 -2.401090E+00
   2.971016E+00 -2.398121E+00
   2.982278E+00 -2.395170E+00
   2.993541E+00 -2.392239E+00
   3.016067E+00 -2.386432E+00
   3.027329E+00 -2.383557E+00
   3.038592E+00 -2.380700E+00
   3.049855E+00 -2.377862E+00
   3.061118E+00 -2.375042E+00
   3.083643E+00 -2.369458E+00
   3.106168E+00 -2.363946E+00
   3.117431E+00 -2.361218E+00
   3.128694E+00 -2.358507E+00
   3.151219E+00 -2.353140E+00
   3.173745E+00 -2.347844E+00
   3.218796E+00 -2.337463E+00
   3.230058E+00 -2.334912E+00
   3.241321E+00 -2.332378E+00
   3.252584E+00 -2.329861E+00
   3.263847E+00 -2.327361E+00
   3.308898E+00 -2.317533E+00
   3.331423E+00 -2.312721E+00
   3.353948E+00 -2.307975E+00
   3.376474E+00 -2.303295E+00
   3.398999E+00 -2.298681E+00
   3.444050E+00 -2.289648E+00
   3.466576E+00 -2.285227E+00
   3.477838E+00 -2.283041E+00
   3.489101E+00 -2.280870E+00
   3.503297E+00 -2.278156E+00
   3.517492E+00 -2.275468E+00
   3.545883E+00 -2.270163E+00
   3.560078E+00 -2.267548E+00
   3.574273E+00 -2.264956E+00
   3.588469E+00 -2.262389E+00
   3.602664E+00 -2.259845E+00
   3.631055E+00 -2.254829E+00
   3.659445E+00 -2.249906E+00
   3.687836E+00 -2.245075E+00
   3.716227E+00 -2.240335E+00
   3.730422E+00 -2.237999E+00
   3.744618E+00 -2.235685E+00
   3.758813E+00 -2.233393E+00
   3.773008E+00 -2.231123E+00
   3.829790E+00 -2.222259E+00
   3.843985E+00 -2.220096E+00
   3.858180E+00 -2.217955E+00
   3.872376E+00 -2.215834E+00
   3.886571E+00 -2.213733E+00
   3.914962E+00 -2.209594E+00
   3.943352E+00 -2.205535E+00
   3.957548E+00 -2.203536E+00
   3.971743E+00 -2.201556E+00
   3.985938E+00 -2.199596E+00
   4.000134E+00 -2.197655E+00
   4.028525E+00 -2.193830E+00
   4.042720E+00 -2.191946E+00
   4.056915E+00 -2.190081E+00
   4.071111E+00 -2.188235E+00
   4.085306E+00 -2.186406E+00
   4.113697E+00 -2.182804E+00
   4.127892E+00 -2.181030E+00
   4.142087E+00 -2.179274E+00
   4.156283E+00 -2.177535E+00
   4.170478E+00 -2.175813E+00
   4.198869E+00 -2.172422E+00
   4.213064E+00 -2.170752E+00
   4.227259E+00 -2.169098E+00
   4.241455E+00 -2.167461E+00
   4.255650E+00 -2.165841E+00
   4.269845E+00 -2.164237E+00
   4.284041E+00 -2.162649E+00
   4.298236E+00 -2.161077E+00
   4.312432E+00 -2.159521E+00
   4.326627E+00 -2.157980E+00
   4.340822E+00 -2.156455E+00
   4.355018E+00 -2.154946E+00
   4.369213E+00 -2.153451E+00
   4.397604E+00 -2.150507E+00
   4.415495E+00 -2.148682E+00
   4.433387E+00 -2.146881E+00
   4.451278E+00 -2.145102E+00
   4.469170E+00 -2.143345E+00
   4.487061E+00 -2.141611E+00
   4.504953E+00 -2.139898E+00
   4.522845E+00 -2.138207E+00
   4.540736E+00 -2.136538E+00
   4.558628E+00 -2.134889E+00
   4.576519E+00 -2.133262E+00
   4.594411E+00 -2.131654E+00
   4.603357E+00 -2.130858E+00
   4.612303E+00 -2.130067E+00
   4.630194E+00 -2.128500E+00
   4.648086E+00 -2.126952E+00
   4.665977E+00 -2.125423E+00
   4.683869E+00 -2.123914E+00
   4.701760E+00 -2.122423E+00
   4.719652E+00 -2.120951E+00
   4.737544E+00 -2.119497E+00
   4.755435E+00 -2.118061E+00
   4.773327E+00 -2.116643E+00
   4.791218E+00 -2.115242E+00
   4.809110E+00 -2.113858E+00
   4.827001E+00 -2.112491E+00
   4.844893E+00 -2.111141E+00
   4.853839E+00 -2.110472E+00
   4.862785E+00 -2.109807E+00
   4.880676E+00 -2.108490E+00
   4.898568E+00 -2.107188E+00
   4.916459E+00 -2.105902E+00
   4.934351E+00 -2.104632E+00
   4.952242E+00 -2.103377E+00
   4.970134E+00 -2.102136E+00
   4.988026E+00 -2.100911E+00
   5.005917E+00 -2.099700E+00
   5.023809E+00 -2.098503E+00
   5.041700E+00 -2.097321E+00
   5.059592E+00 -2.096152E+00
   5.077484E+00 -2.094997E+00
   5.095375E+00 -2.093856E+00
   5.113267E+00 -2.092728E+00
   5.131158E+00 -2.091613E+00
   5.149050E+00 -2.090511E+00
   5.166941E+00 -2.089422E+00
   5.184833E+00 -2.088345E+00
   5.202725E+00 -2.087281E+00
   5.220616E+00 -2.086228E+00
   5.238508E+00 -2.085188E+00
   5.256399E+00 -2.084160E+00
   5.274291E+00 -2.083143E+00
   5.292182E+00 -2.082138E+00
   5.310074E+00 -2.081144E+00
   5.327966E+00 -2.080161E+00
   5.336911E+00 -2.079674E+00
   5.345857E+00 -2.079189E+00
   5.363749E+00 -2.078229E+00
   5.381640E+00 -2.077279E+00
   5.399532E+00 -2.076339E+00
   5.408478E+00 -2.075873E+00
   5.417423E+00 -2.075410E+00
   5.435315E+00 -2.074491E+00
   5.453207E+00 -2.073583E+00
   5.471098E+00 -2.072685E+00
   5.488990E+00 -2.071796E+00
   5.506881E+00 -2.070917E+00
   5.524773E+00 -2.070049E+00
   5.542665E+00 -2.069189E+00
   5.565215E+00 -2.068120E+00
   5.587765E+00 -2.067065E+00
   5.610315E+00 -2.066025E+00
   5.632865E+00 -2.064999E+00
   5.655416E+00 -2.063987E+00
   5.677966E+00 -2.062990E+00
   5.700516E+00 -2.062007E+00
   5.723066E+00 -2.061037E+00
   5.745617E+00 -2.060080E+00
   5.768167E+00 -2.059137E+00
   5.790717E+00 -2.058208E+00
   5.813267E+00 -2.057291E+00
   5.835818E+00 -2.056387E+00
   5.858368E+00 -2.055496E+00
   5.880918E+00 -2.054618E+00
   5.903468E+00 -2.053752E+00
   5.926019E+00 -2.052899E+00
   5.948569E+00 -2.052057E+00
   5.971119E+00 -2.051228E+00
   5.993669E+00 -2.050411E+00
   6.016220E+00 -2.049606E+00
   6.038770E+00 -2.048812E+00
   6.061320E+00 -2.048031E+00
   6.083870E+00 -2.047260E+00
   6.106420E+00 -2.046501E+00
   6.128971E+00 -2.045754E+00
   6.151521E+00 -2.045017E+00
   6.174071E+00 -2.044292E+00
   6.219172E+00 -2.042874E+00
   6.264272E+00 -2.041500E+00
   6.309373E+00 -2.040167E+00
   6.354473E+00 -2.038876E+00
   6.377023E+00 -2.038246E+00
   6.399574E+00 -2.037626E+00
   6.444674E+00 -2.036415E+00
   6.489775E+00 -2.035243E+00
   6.534875E+00 -2.034109E+00
   6.579975E+00 -2.033011E+00
   6.625076E+00 -2.031950E+00
   6.670176E+00 -2.030924E+00
   6.715277E+00 -2.029932E+00
   6.760377E+00 -2.028973E+00
   6.805478E+00 -2.028047E+00
   6.828028E+00 -2.027596E+00
   6.850578E+00 -2.027152E+00
   6.895679E+00 -2.026288E+00
   6.918229E+00 -2.025866E+00
   6.940779E+00 -2.025453E+00
   6.963330E+00 -2.025046E+00
   6.985880E+00 -2.024646E+00
   7.014302E+00 -2.024152E+00
   7.042724E+00 -2.023669E+00
   7.071146E+00 -2.023196E+00
   7.099567E+00 -2.022734E+00
   7.127989E+00 -2.022282E+00
   7.156411E+00 -2.021840E+00
   7.184833E+00 -2.021407E+00
   7.213255E+00 -2.020984E+00
   7.241677E+00 -2.020570E+00
   7.270099E+00 -2.020166E+00
   7.298521E+00 -2.019770E+00
   7.312732E+00 -2.019575E+00
   7.326943E+00 -2.019382E+00
   7.355365E+00 -2.019004E+00
   7.383787E+00 -2.018633E+00
   7.412209E+00 -2.018271E+00
   7.440631E+00 -2.017917E+00
   7.469053E+00 -2.017570E+00
   7.497475E+00 -2.017231E+00
   7.525897E+00 -2.016900E+00
   7.554318E+00 -2.016575E+00
   7.582740E+00 -2.016258E+00
   7.611162E+00 -2.015948E+00
   7.639584E+00 -2.015644E+00
   7.668006E+00 -2.015347E+00
   7.696428E+00 -2.015057E+00
   7.710639E+00 -2.014914E+00
   7.724850E+00 -2.014773E+00
   7.753272E+00 -2.014495E+00
   7.781694E+00 -2.014223E+00
   7.810116E+00 -2.013957E+00
   7.838538E+00 -2.013697E+00
   7.866960E+00 -2.013442E+00
   7.895382E+00 -2.013193E+00
   7.952226E+00 -2.012711E+00
   7.980647E+00 -2.012478E+00
   8.009069E+00 -2.012250E+00
   8.037491E+00 -2.012027E+00
   8.065913E+00 -2.011808E+00
   8.122757E+00 -2.011386E+00
   8.151179E+00 -2.011181E+00
   8.179601E+00 -2.010981E+00
   8.208023E+00 -2.010785E+00
   8.236445E+00 -2.010593E+00
   8.293289E+00 -2.010222E+00
   8.321711E+00 -2.010042E+00
   8.350133E+00 -2.009866E+00
   8.378555E+00 -2.009694E+00
   8.406976E+00 -2.009526E+00
   8.463820E+00 -2.009199E+00
   8.492242E+00 -2.009041E+00
   8.520664E+00 -2.008887E+00
   8.549086E+00 -2.008735E+00
   8.577508E+00 -2.008587E+00
   8.605930E+00 -2.008442E+00
   8.634352E+00 -2.008300E+00
   8.662774E+00 -2.008161E+00
   8.691196E+00 -2.008025E+00
   8.719618E+00 -2.007891E+00
   8.748040E+00 -2.007761E+00
   8.776462E+00 -2.007633E+00
   8.804884E+00 -2.007508E+00
   8.840706E+00 -2.007354E+00
   8.876529E+00 -2.007204E+00
   8.912351E+00 -2.007058E+00
   8.948174E+00 -2.006915E+00
   8.983996E+00 -2.006777E+00
   9.019819E+00 -2.006642E+00
   9.055641E+00 -2.006510E+00
   9.091464E+00 -2.006382E+00
   9.127286E+00 -2.006257E+00
   9.163109E+00 -2.006135E+00
   9.198931E+00 -2.006016E+00
   9.234754E+00 -2.005901E+00
   9.270576E+00 -2.005788E+00
   9.306399E+00 -2.005678E+00
   9.342221E+00 -2.005571E+00
   9.378044E+00 -2.005467E+00
   9.413866E+00 -2.005365E+00
   9.449689E+00 -2.005266E+00
   9.485511E+00 -2.005169E+00
   9.521334E+00 -2.005074E+00
   9.557157E+00 -2.004982E+00
   9.592979E+00 -2.004893E+00
   9.628802E+00 -2.004805E+00
   9.664624E+00 -2.004720E+00
   9.700447E+00 -2.004636E+00
   9.736269E+00 -2.004555E+00
   9.772092E+00 -2.004476E+00
   9.807914E+00 -2.004398E+00
   9.843737E+00 -2.004322E+00
   9.879559E+00 -2.004249E+00
   9.915382E+00 -2.004177E+00
   9.951204E+00 -2.004106E+00
   9.987027E+00 -2.004038E+00
   1.002285E+01 -2.003971E+00
   1.005867E+01 -2.003905E+00
   1.009449E+01 -2.003841E+00
   1.013032E+01 -2.003779E+00
   1.016614E+01 -2.003718E+00
   1.020196E+01 -2.003659E+00
   1.023778E+01 -2.003600E+00
   1.027361E+01 -2.003543E+00
   1.030943E+01 -2.003488E+00
   1.034525E+01 -2.003434E+00
   1.038107E+01 -2.003381E+00
   1.041690E+01 -2.003329E+00
   1.045272E+01 -2.003278E+00
   1.052436E+01 -2.003180E+00
   1.059601E+01 -2.003086E+00
   1.066765E+01 -2.002997E+00
   1.073930E+01 -2.002911E+00
   1.081094E+01 -2.002829E+00
   1.088259E+01 -2.002750E+00
   1.095423E+01 -2.002675E+00
   1.102588E+01 -2.002602E+00
   1.109752E+01 -2.002533E+00
   1.114268E+01 -2.002491E+00
   1.118783E+01 -2.002450E+00
   1.123298E+01 -2.002409E+00
   1.127813E+01 -2.002370E+00
   1.132328E+01 -2.002332E+00
   1.136843E+01 -2.002295E+00
   1.141358E+01 -2.002259E+00
   1.145873E+01 -2.002223E+00
   1.150388E+01 -2.002189E+00
   1.154903E+01 -2.002155E+00
   1.163933E+01 -2.002090E+00
   1.172963E+01 -2.002028E+00
   1.181993E+01 -2.001969E+00
   1.191023E+01 -2.001913E+00
   1.200053E+01 -2.001859E+00
   1.209083E+01 -2.001807E+00
   1.218113E+01 -2.001758E+00
   1.227143E+01 -2.001711E+00
   1.236173E+01 -2.001665E+00
   1.245203E+01 -2.001622E+00
   1.254233E+01 -2.001580E+00
   1.263263E+01 -2.001540E+00
   1.272293E+01 -2.001502E+00
   1.281323E+01 -2.001465E+00
   1.290353E+01 -2.001429E+00
   1.299383E+01 -2.001395E+00
   1.308413E+01 -2.001362E+00
   1.317443E+01 -2.001331E+00
   1.326473E+01 -2.001300E+00
   1.335503E+01 -2.001270E+00
   1.344533E+01 -2.001242E+00
   1.353563E+01 -2.001214E+00
   1.362593E+01 -2.001188E+00
   1.371623E+01 -2.001162E+00
   1.380653E+01 -2.001137E+00
   1.389683E+01 -2.001113E+00
   1.398713E+01 -2.001090E+00
   1.410094E+01 -2.001062E+00
   1.421476E+01 -2.001034E+00
   1.432857E+01 -2.001008E+00
   1.444238E+01 -2.000983E+00
   1.455620E+01 -2.000959E+00
   1.467001E+01 -2.000935E+00
   1.478382E+01 -2.000913E+00
   1.489763E+01 -2.000891E+00
   1.501145E+01 -2.000870E+00
   1.512526E+01 -2.000850E+00
   1.523907E+01 -2.000830E+00
   1.535288E+01 -2.000811E+00
   1.546670E+01 -2.000792E+00
   1.558051E+01 -2.000775E+00
   1.569432E+01 -2.000757E+00
   1.580814E+01 -2.000741E+00
   1.592195E+01 -2.000725E+00
   1.603576E+01 -2.000709E+00
   1.614957E+01 -2.000694E+00
   1.626339E+01 -2.000679E+00
   1.649101E+01 -2.000651E+00
   1.671864E+01 -2.000624E+00
   1.694626E+01 -2.000599E+00
   1.717389E+01 -2.000575E+00
   1.740152E+01 -2.000553E+00
   1.762914E+01 -2.000531E+00
   1.777259E+01 -2.000519E+00
   1.791604E+01 -2.000506E+00
   1.805948E+01 -2.000494E+00
   1.820293E+01 -2.000482E+00
   1.848983E+01 -2.000460E+00
   1.877672E+01 -2.000439E+00
   1.906362E+01 -2.000420E+00
   1.935051E+01 -2.000401E+00
   1.963741E+01 -2.000384E+00
   1.992430E+01 -2.000368E+00
   2.021120E+01 -2.000352E+00
   2.049810E+01 -2.000338E+00
   2.078499E+01 -2.000324E+00
   2.107189E+01 -2.000311E+00
   2.135878E+01 -2.000298E+00
   2.164568E+01 -2.000287E+00
   2.193257E+01 -2.000276E+00
   2.221947E+01 -2.000265E+00
   2.258107E+01 -2.000252E+00
   2.294266E+01 -2.000241E+00
   2.330426E+01 -2.000230E+00
   2.366586E+01 -2.000219E+00
   2.402746E+01 -2.000210E+00
   2.438906E+01 -2.000200E+00
   2.475066E+01 -2.000192E+00
   2.511225E+01 -2.000184E+00
   2.547385E+01 -2.000176E+00
   2.583545E+01 -2.000169E+00
   2.619705E+01 -2.000162E+00
   2.655865E+01 -2.000155E+00
   2.692024E+01 -2.000149E+00
   2.728184E+01 -2.000143E+00
   2.764344E+01 -2.000138E+00
   2.800504E+01 -2.000132E+00
   2.846079E+01 -2.000126E+00
   2.891654E+01 -2.000120E+00
   2.937230E+01 -2.000115E+00
   2.982805E+01 -2.000110E+00
   3.028380E+01 -2.000105E+00
   3.073955E+01 -2.000100E+00
   3.119530E+01 -2.000096E+00
   3.165106E+01 -2.000092E+00
   3.210681E+01 -2.000088E+00
   3.256256E+01 -2.000084E+00
   3.301831E+01 -2.000081E+00
   3.347406E+01 -2.000077E+00
   3.438557E+01 -2.000071E+00
   3.529707E+01 -2.000066E+00
   3.587150E+01 -2.000063E+00
   3.644592E+01 -2.000060E+00
   3.702034E+01 -2.000057E+00
   3.759476E+01 -2.000055E+00
   3.874361E+01 -2.000050E+00
   3.989245E+01 -2.000046E+00
   4.104130E+01 -2.000042E+00
   4.219014E+01 -2.000039E+00
   4.333898E+01 -2.000036E+00
   4.448783E+01 -2.000033E+00
   4.593581E+01 -2.000030E+00
   4.738380E+01 -2.000027E+00
   4.883178E+01 -2.000025E+00
   5.027976E+01 -2.000023E+00
   5.172775E+01 -2.000021E+00
   5.317573E+01 -2.000019E+00
   5.462372E+01 -2.000018E+00
   5.607170E+01 -2.000016E+00
   5.789671E+01 -2.000015E+00
   5.972173E+01 -2.000014E+00
   6.154674E+01 -2.000012E+00
   6.337176E+01 -2.000011E+00
   6.519677E+01 -2.000010E+00
   6.702178E+01 -2.000010E+00
   6.884680E+01 -2.000009E+00
   7.067181E+01 -2.000008E+00
   7.297203E+01 -2.000007E+00
   7.527225E+01 -2.000007E+00
   7.757246E+01 -2.000006E+00
   7.987268E+01 -2.000006E+00
   8.447311E+01 -2.000005E+00
   8.907355E+01 -2.000004E+00
   9.197270E+01 -2.000004E+00
   9.487185E+01 -2.000003E+00
   9.777101E+01 -2.000003E+00
   1.006702E+02 -2.000003E+00
   1.064685E+02 -2.000002E+00
   1.122668E+02 -2.000002E+00
   1.195749E+02 -2.000002E+00
   1.268830E+02 -2.000001E+00
   1.341910E+02 -2.000001E+00
   1.414991E+02 -2.000001E+00
   1.507101E+02 -2.000001E+00
   1.599211E+02 -2.000001E+00
   1.691321E+02 -2.000001E+00
   1.783431E+02 -2.000001E+00
   1.899525E+02 -2.000000E+00
   2.015618E+02 -2.000000E+00
   2.131712E+02 -2.000000E+00
   2.247806E+02 -2.000000E+00
   2.540451E+02 -2.000000E+00
   2.833096E+02 -2.000000E+00
   3.201941E+02 -2.000000E+00
   3.570786E+02 -2.000000E+00
   4.035672E+02 -2.000000E+00
   4.500558E+02 -2.000000E+00
   5.086492E+02 -2.000000E+00
   5.672426E+02 -2.000000E+00
   6.410928E+02 -2.000000E+00
   7.149429E+02 -2.000000E+00
   9.011018E+02 -2.000000E+00
   1.135733E+03 -2.000000E+00
   1.431459E+03 -2.000000E+00
   1.804186E+03 -2.000000E+00
   2.273966E+03 -2.000000E+00
   2.866068E+03 -2.000000E+00
   3.612343E+03 -2.000000E+00
   4.552935E+03 -2.000000E+00
   5.738442E+03 -2.000000E+00
   7.232634E+03 -2.000000E+00
   9.115888E+03 -2.000000E+00
   1.148951E+04 -2.000000E+00
   1.448118E+04 -2.000000E+00
   1.825183E+04 -2.000000E+00
   2.300430E+04 -2.000000E+00
   2.899423E+04 -2.000000E+00
   3.654383E+04 -2.000000E+00
   4.605922E+04 -2.000000E+00
   5.805226E+04 -2.000000E+00
   7.316807E+04 -2.000000E+00
   9.221979E+04 -2.000000E+00
   1.162322E+05 -2.000000E+00
   1.464971E+05 -2.000000E+00
   1.846425E+05 -2.000000E+00
   2.327202E+05 -2.000000E+00
   2.933166E+05 -2.000000E+00
   3.696913E+05 -2.000000E+00
   4.659526E+05 -2.000000E+00
   5.872787E+05 -2.000000E+00
   7.401960E+05 -2.000000E+00
   9.329304E+05 -2.000000E+00
   1.175850E+06 -2.000000E+00
   1.482021E+06 -2.000000E+00
   1.867914E+06 -2.000000E+00
   2.354286E+06 -2.000000E+00
   2.967302E+06 -2.000000E+00
   3.739937E+06 -2.000000E+00
   4.713753E+06 -2.000000E+00
   5.941134E+06 -2.000000E+00
   7.488104E+06 -2.000000E+00
   9.437878E+06 -2.000000E+00
   1.189534E+07 -2.000000E+00
   1.499268E+07 -2.000000E+00
   1.889652E+07 -2.000000E+00
   2.381686E+07 -2.000000E+00
   3.001836E+07 -2.000000E+00
   3.783463E+07 -2.000000E+00
   4.768612E+07 -2.000000E+00
   6.010277E+07 -2.000000E+00
   7.575250E+07 -2.000000E+00
   9.547716E+07 -2.000000E+00
   1.203378E+08 -2.000000E+00
   1.516717E+08 -2.000000E+00
   1.911644E+08 -2.000000E+00
   2.409404E+08 -2.000000E+00
   3.036771E+08 -2.000000E+00
   3.827494E+08 -2.000000E+00
   4.824109E+08 -2.000000E+00
   6.080224E+08 -2.000000E+00
   7.663411E+08 -2.000000E+00
   9.658832E+08 -2.000000E+00
   1.217383E+09 -2.000000E+00
   1.534368E+09 -2.000000E+00
   1.933892E+09 -2.000000E+00
   2.437444E+09 -2.000000E+00
   3.072113E+09 -2.000000E+00
   3.872039E+09 -2.000000E+00
   4.880252E+09 -2.000000E+00
   6.150986E+09 -2.000000E+00
   7.752597E+09 -2.000000E+00
   9.771242E+09 -2.000000E+00
   9.900990E+09 -2.000000E+00
   1.231551E+10 -2.000000E+00
   1.552225E+10 -2.000000E+00
   1.956398E+10 -2.000000E+00
   1.980198E+10 -2.000000E+00
   2.465811E+10 -2.000000E+00
   2.970297E+10 -2.000000E+00
   3.107866E+10 -2.000000E+00
   3.917101E+10 -2.000000E+00
   3.960396E+10 -2.000000E+00
   4.937048E+10 -2.000000E+00
   4.950495E+10 -2.000000E+00
   5.940594E+10 -2.000000E+00
   6.222571E+10 -2.000000E+00
   6.930693E+10 -2.000000E+00
   7.842822E+10 -2.000000E+00
   7.920792E+10 -2.000000E+00
   8.910891E+10 -2.000000E+00
   9.884959E+10 -2.000000E+00
   9.900990E+10 -2.000000E+00
   1.089109E+11 -2.000000E+00
   1.188119E+11 -2.000000E+00
   1.245883E+11 -2.000000E+00
   1.287129E+11 -2.000000E+00
   1.386139E+11 -2.000000E+00
   1.485149E+11 -2.000000E+00
   1.570290E+11 -2.000000E+00
   1.584158E+11 -2.000000E+00
   1.683168E+11 -2.000000E+00
   1.782178E+11 -2.000000E+00
   1.881188E+11 -2.000000E+00
   1.979167E+11 -2.000000E+00
   1.980198E+11 -2.000000E+00
   2.079208E+11 -2.000000E+00
   2.178218E+11 -2.000000E+00
   2.277228E+11 -2.000000E+00
   2.376238E+11 -2.000000E+00
   2.475248E+11 -2.000000E+00
   2.494508E+11 -2.000000E+00
   2.574257E+11 -2.000000E+00
   2.673267E+11 -2.000000E+00
   2.772277E+11 -2.000000E+00
   2.871287E+11 -2.000000E+00
   2.970297E+11 -2.000000E+00
   3.069307E+11 -2.000000E+00
   3.144035E+11 -2.000000E+00
   3.168317E+11 -2.000000E+00
   3.267327E+11 -2.000000E+00
   3.366337E+11 -2.000000E+00
   3.465347E+11 -2.000000E+00
   3.564356E+11 -2.000000E+00
   3.663366E+11 -2.000000E+00
   3.762376E+11 -2.000000E+00
   3.861386E+11 -2.000000E+00
   3.960396E+11 -2.000000E+00
   3.962689E+11 -2.000000E+00
   4.059406E+11 -2.000000E+00
   4.158416E+11 -2.000000E+00
   4.257426E+11 -2.000000E+00
   4.356436E+11 -2.000000E+00
   4.455446E+11 -2.000000E+00
   4.554455E+11 -2.000000E+00
   4.653465E+11 -2.000000E+00
   4.752475E+11 -2.000000E+00
   4.851485E+11 -2.000000E+00
   4.950495E+11 -2.000000E+00
   4.994505E+11 -2.000000E+00
   5.049505E+11 -2.000000E+00
   5.148515E+11 -2.000000E+00
   5.247525E+11 -2.000000E+00
   5.346535E+11 -2.000000E+00
   5.445545E+11 -2.000000E+00
   5.544554E+11 -2.000000E+00
   5.643564E+11 -2.000000E+00
   5.742574E+11 -2.000000E+00
   5.841584E+11 -2.000000E+00
   5.940594E+11 -2.000000E+00
   6.039604E+11 -2.000000E+00
   6.138614E+11 -2.000000E+00
   6.237624E+11 -2.000000E+00
   6.294989E+11 -2.000000E+00
   6.336634E+11 -2.000000E+00
   6.435644E+11 -2.000000E+00
   6.534653E+11 -2.000000E+00
   6.633663E+11 -2.000000E+00
   6.732673E+11 -2.000000E+00
   6.831683E+11 -2.000000E+00
   6.930693E+11 -2.000000E+00
   7.029703E+11 -2.000000E+00
   7.128713E+11 -2.000000E+00
   7.227723E+11 -2.000000E+00
   7.326733E+11 -2.000000E+00
   7.425743E+11 -2.000000E+00
   7.524752E+11 -2.000000E+00
   7.623762E+11 -2.000000E+00
   7.722772E+11 -2.000000E+00
   7.821782E+11 -2.000000E+00
   7.920792E+11 -2.000000E+00
   7.934097E+11 -2.000000E+00
   8.019802E+11 -2.000000E+00
   8.118812E+11 -2.000000E+00
   8.217822E+11 -2.000000E+00
   8.316832E+11 -2.000000E+00
   8.415842E+11 -2.000000E+00
   8.514851E+11 -2.000000E+00
   8.613861E+11 -2.000000E+00
   8.712871E+11 -2.000000E+00
   8.811881E+11 -2.000000E+00
   8.910891E+11 -2.000000E+00
   9.009901E+11 -2.000000E+00
   9.108911E+11 -2.000000E+00
   9.207921E+11 -2.000000E+00
   9.306931E+11 -2.000000E+00
   9.405941E+11 -2.000000E+00
   9.504950E+11 -2.000000E+00
   9.603960E+11 -2.000000E+00
   9.702970E+11 -2.000000E+00
   9.801980E+11 -2.000000E+00
   9.900990E+11 -2.000000E+00
   9.920792E+11 -2.000000E+00
   9.940594E+11 -2.000000E+00
   9.960396E+11 -2.000000E+00
   9.980198E+11 -2.000000E+00
   1.000000E+12 -2.000000E+00
