# Potential function.
#  r             r*V(r)
   0.000000E+00 -4.090650E+01
   1.000000E-08 -4.090650E+01
   1.260383E-08 -4.090650E+01
   1.588565E-08 -4.090650E+01
   2.002200E-08 -4.090650E+01
   2.523539E-08 -4.090650E+01
   3.180626E-08 -4.090650E+01
   4.008806E-08 -4.090650E+01
   5.052631E-08 -4.090649E+01
   6.368250E-08 -4.090649E+01
   8.026434E-08 -4.090649E+01
   1.011638E-07 -4.090649E+01
   1.275051E-07 -4.090648E+01
   1.607053E-07 -4.090648E+01
   2.025502E-07 -4.090648E+01
   2.552908E-07 -4.090647E+01
   3.217642E-07 -4.090646E+01
   4.055461E-07 -4.090645E+01
   5.111433E-07 -4.090644E+01
   6.442364E-07 -4.090642E+01
   8.119845E-07 -4.090640E+01
   1.023411E-06 -4.090637E+01
   1.289890E-06 -4.090634E+01
   1.625756E-06 -4.090630E+01
   2.049075E-06 -4.090625E+01
   2.582619E-06 -4.090618E+01
   3.255089E-06 -4.090610E+01
   4.102658E-06 -4.090600E+01
   5.170920E-06 -4.090587E+01
   6.517340E-06 -4.090570E+01
   8.214344E-06 -4.090550E+01
   1.035322E-05 -4.090523E+01
   1.304902E-05 -4.090491E+01
   1.644676E-05 -4.090449E+01
   2.072922E-05 -4.090397E+01
   2.612675E-05 -4.090331E+01
   3.292971E-05 -4.090248E+01
   4.150405E-05 -4.090143E+01
   5.231099E-05 -4.090011E+01
   6.593188E-05 -4.089844E+01
   8.309942E-05 -4.089635E+01
   1.047371E-04 -4.089370E+01
   1.320088E-04 -4.089037E+01
   1.663817E-04 -4.088618E+01
   2.097046E-04 -4.088088E+01
   2.643081E-04 -4.087422E+01
   3.331295E-04 -4.086582E+01
   4.198707E-04 -4.085523E+01
   5.291979E-04 -4.084189E+01
   6.669920E-04 -4.082509E+01
   8.406653E-04 -4.080393E+01
   1.059560E-03 -4.077727E+01
   1.335452E-03 -4.074370E+01
   1.683180E-03 -4.070143E+01
   2.121452E-03 -4.064823E+01
   2.673842E-03 -4.058130E+01
   3.370064E-03 -4.049712E+01
   4.247572E-03 -4.039131E+01
   5.353567E-03 -4.025841E+01
   6.747544E-03 -4.009165E+01
   7.626017E-03 -3.998697E+01
   8.504489E-03 -3.988261E+01
   9.058095E-03 -3.981701E+01
   9.334898E-03 -3.978426E+01
   9.611701E-03 -3.975154E+01
   9.750103E-03 -3.973519E+01
   9.888504E-03 -3.971885E+01
   9.923105E-03 -3.971476E+01
   9.957705E-03 -3.971068E+01
   9.975005E-03 -3.970864E+01
   9.983655E-03 -3.970762E+01
   9.992305E-03 -3.970660E+01
   9.996630E-03 -3.970609E+01
   9.997712E-03 -3.970596E+01
   9.998793E-03 -3.970583E+01
   9.999334E-03 -3.970577E+01
   9.999401E-03 -3.970576E+01
   9.999469E-03 -3.970575E+01
   9.999536E-03 -3.970574E+01
   9.999604E-03 -3.970574E+01
   9.999671E-03 -3.970573E+01
   9.999739E-03 -3.970572E+01
   9.999807E-03 -3.970571E+01
   9.999874E-03 -3.970570E+01
   9.999942E-03 -3.970570E+01
   1.000001E-02 -3.679919E+01
   1.000008E-02 -3.679918E+01
   1.000014E-02 -3.679917E+01
   1.000021E-02 -3.679916E+01
   1.000028E-02 -3.679915E+01
   1.000035E-02 -3.679915E+01
   1.000041E-02 -3.679914E+01
   1.000048E-02 -3.679913E+01
   1.000055E-02 -3.679912E+01
   1.000062E-02 -3.679911E+01
   1.000069E-02 -3.679911E+01
   1.000096E-02 -3.679907E+01
   1.000204E-02 -3.679895E+01
   1.000312E-02 -3.679882E+01
   1.000528E-02 -3.679856E+01
   1.000961E-02 -3.679805E+01
   1.001826E-02 -3.679703E+01
   1.002691E-02 -3.679601E+01
   1.004421E-02 -3.679397E+01
   1.006151E-02 -3.679193E+01
   1.009611E-02 -3.678785E+01
   1.016531E-02 -3.677969E+01
   1.030371E-02 -3.676337E+01
   1.044211E-02 -3.674706E+01
   1.071891E-02 -3.671447E+01
   1.141667E-02 -3.663244E+01
   1.211442E-02 -3.655062E+01
   1.350994E-02 -3.638757E+01
   1.526881E-02 -3.618320E+01
   1.702769E-02 -3.598008E+01
   1.813612E-02 -3.585272E+01
   1.924455E-02 -3.572585E+01
   2.035298E-02 -3.559947E+01
   2.146141E-02 -3.547358E+01
   2.285846E-02 -3.531561E+01
   2.425550E-02 -3.515841E+01
   2.565255E-02 -3.500197E+01
   2.704960E-02 -3.484629E+01
   2.793000E-02 -3.474858E+01
   2.881041E-02 -3.465116E+01
   2.969082E-02 -3.455405E+01
   3.057122E-02 -3.445724E+01
   3.233204E-02 -3.426450E+01
   3.409285E-02 -3.407294E+01
   3.520250E-02 -3.395283E+01
   3.631215E-02 -3.383319E+01
   3.742180E-02 -3.371400E+01
   3.853145E-02 -3.359529E+01
   4.075075E-02 -3.335922E+01
   4.186040E-02 -3.324188E+01
   4.297005E-02 -3.312499E+01
   4.436863E-02 -3.297831E+01
   4.576721E-02 -3.283235E+01
   4.716580E-02 -3.268709E+01
   4.856438E-02 -3.254255E+01
   4.996296E-02 -3.239871E+01
   5.136155E-02 -3.225558E+01
   5.276013E-02 -3.211315E+01
   5.415871E-02 -3.197141E+01
   5.504009E-02 -3.188244E+01
   5.592146E-02 -3.179375E+01
   5.680284E-02 -3.170533E+01
   5.768421E-02 -3.161718E+01
   5.856559E-02 -3.152930E+01
   5.944697E-02 -3.144170E+01
   6.120972E-02 -3.126729E+01
   6.209109E-02 -3.118050E+01
   6.297247E-02 -3.109396E+01
   6.385384E-02 -3.100770E+01
   6.473522E-02 -3.092170E+01
   6.649797E-02 -3.075050E+01
   6.826072E-02 -3.058035E+01
   6.937159E-02 -3.047366E+01
   7.048246E-02 -3.036738E+01
   7.159333E-02 -3.026152E+01
   7.270420E-02 -3.015607E+01
   7.492594E-02 -2.994639E+01
   7.603681E-02 -2.984216E+01
   7.714768E-02 -2.973834E+01
   7.825855E-02 -2.963492E+01
   7.936942E-02 -2.953190E+01
   8.159116E-02 -2.932705E+01
   8.270203E-02 -2.922523E+01
   8.381290E-02 -2.912380E+01
   8.603464E-02 -2.892212E+01
   8.743477E-02 -2.879582E+01
   8.883489E-02 -2.867015E+01
   9.023501E-02 -2.854509E+01
   9.163513E-02 -2.842064E+01
   9.303525E-02 -2.829680E+01
   9.443538E-02 -2.817356E+01
   9.583550E-02 -2.805093E+01
   9.723562E-02 -2.792889E+01
   9.863574E-02 -2.780746E+01
   1.000359E-01 -2.768661E+01
   1.014360E-01 -2.756636E+01
   1.028361E-01 -2.744670E+01
   1.042362E-01 -2.732762E+01
   1.056364E-01 -2.720912E+01
   1.070365E-01 -2.709120E+01
   1.084366E-01 -2.697386E+01
   1.102013E-01 -2.682679E+01
   1.110836E-01 -2.675359E+01
   1.119660E-01 -2.668062E+01
   1.128483E-01 -2.660787E+01
   1.137307E-01 -2.653535E+01
   1.154954E-01 -2.639097E+01
   1.172600E-01 -2.624748E+01
   1.181424E-01 -2.617607E+01
   1.190247E-01 -2.610488E+01
   1.199071E-01 -2.603391E+01
   1.207894E-01 -2.596316E+01
   1.225541E-01 -2.582231E+01
   1.234365E-01 -2.575221E+01
   1.243188E-01 -2.568232E+01
   1.252012E-01 -2.561266E+01
   1.260835E-01 -2.554320E+01
   1.278482E-01 -2.540494E+01
   1.296129E-01 -2.526753E+01
   1.313776E-01 -2.513096E+01
   1.322599E-01 -2.506300E+01
   1.331423E-01 -2.499524E+01
   1.340246E-01 -2.492769E+01
   1.349069E-01 -2.486035E+01
   1.357893E-01 -2.479322E+01
   1.366716E-01 -2.472629E+01
   1.377837E-01 -2.464224E+01
   1.388958E-01 -2.455851E+01
   1.400079E-01 -2.447510E+01
   1.411200E-01 -2.439202E+01
   1.422321E-01 -2.430926E+01
   1.433442E-01 -2.422683E+01
   1.455684E-01 -2.406291E+01
   1.466805E-01 -2.398144E+01
   1.477926E-01 -2.390027E+01
   1.489047E-01 -2.381943E+01
   1.500167E-01 -2.373889E+01
   1.511288E-01 -2.365868E+01
   1.522409E-01 -2.357877E+01
   1.533530E-01 -2.349917E+01
   1.544651E-01 -2.341988E+01
   1.555772E-01 -2.334091E+01
   1.566893E-01 -2.326223E+01
   1.589135E-01 -2.310581E+01
   1.600256E-01 -2.302805E+01
   1.611377E-01 -2.295059E+01
   1.622498E-01 -2.287344E+01
   1.633619E-01 -2.279658E+01
   1.644739E-01 -2.272003E+01
   1.655860E-01 -2.264377E+01
   1.666981E-01 -2.256780E+01
   1.678102E-01 -2.249214E+01
   1.689223E-01 -2.241676E+01
   1.700344E-01 -2.234169E+01
   1.711465E-01 -2.226690E+01
   1.722586E-01 -2.219240E+01
   1.736603E-01 -2.209892E+01
   1.750619E-01 -2.200589E+01
   1.764636E-01 -2.191332E+01
   1.778652E-01 -2.182121E+01
   1.792669E-01 -2.172954E+01
   1.806686E-01 -2.163833E+01
   1.820702E-01 -2.154756E+01
   1.827711E-01 -2.150234E+01
   1.834719E-01 -2.145723E+01
   1.848736E-01 -2.136735E+01
   1.862752E-01 -2.127791E+01
   1.876769E-01 -2.118891E+01
   1.890785E-01 -2.110034E+01
   1.904802E-01 -2.101220E+01
   1.918819E-01 -2.092450E+01
   1.932835E-01 -2.083723E+01
   1.946852E-01 -2.075038E+01
   1.960869E-01 -2.066396E+01
   1.974885E-01 -2.057796E+01
   1.988902E-01 -2.049239E+01
   2.002918E-01 -2.040723E+01
   2.016935E-01 -2.032249E+01
   2.030952E-01 -2.023817E+01
   2.044968E-01 -2.015425E+01
   2.051977E-01 -2.011245E+01
   2.058985E-01 -2.007075E+01
   2.073002E-01 -1.998766E+01
   2.087018E-01 -1.990498E+01
   2.101035E-01 -1.982270E+01
   2.115051E-01 -1.974082E+01
   2.129068E-01 -1.965934E+01
   2.143085E-01 -1.957827E+01
   2.157101E-01 -1.949759E+01
   2.171118E-01 -1.941730E+01
   2.179951E-01 -1.936691E+01
   2.188784E-01 -1.931667E+01
   2.206451E-01 -1.921666E+01
   2.224117E-01 -1.911727E+01
   2.241783E-01 -1.901849E+01
   2.259450E-01 -1.892032E+01
   2.277116E-01 -1.882276E+01
   2.294782E-01 -1.872580E+01
   2.312448E-01 -1.862943E+01
   2.321282E-01 -1.858147E+01
   2.330115E-01 -1.853366E+01
   2.338948E-01 -1.848600E+01
   2.347781E-01 -1.843848E+01
   2.356614E-01 -1.839112E+01
   2.365447E-01 -1.834389E+01
   2.374281E-01 -1.829682E+01
   2.383114E-01 -1.824988E+01
   2.400780E-01 -1.815646E+01
   2.418446E-01 -1.806361E+01
   2.436113E-01 -1.797133E+01
   2.453779E-01 -1.787962E+01
   2.471445E-01 -1.778847E+01
   2.489112E-01 -1.769789E+01
   2.506778E-01 -1.760787E+01
   2.515611E-01 -1.756307E+01
   2.524444E-01 -1.751840E+01
   2.542111E-01 -1.742949E+01
   2.550944E-01 -1.738524E+01
   2.559777E-01 -1.734112E+01
   2.568610E-01 -1.729714E+01
   2.577443E-01 -1.725330E+01
   2.586276E-01 -1.720959E+01
   2.595109E-01 -1.716602E+01
   2.603943E-01 -1.712258E+01
   2.612776E-01 -1.707928E+01
   2.630442E-01 -1.699307E+01
   2.648108E-01 -1.690740E+01
   2.665775E-01 -1.682225E+01
   2.674608E-01 -1.677988E+01
   2.683441E-01 -1.673763E+01
   2.701107E-01 -1.665353E+01
   2.718774E-01 -1.656995E+01
   2.736440E-01 -1.648689E+01
   2.747573E-01 -1.643481E+01
   2.758706E-01 -1.638293E+01
   2.769839E-01 -1.633125E+01
   2.780973E-01 -1.627977E+01
   2.792106E-01 -1.622850E+01
   2.803239E-01 -1.617742E+01
   2.814372E-01 -1.612654E+01
   2.825505E-01 -1.607586E+01
   2.847772E-01 -1.597509E+01
   2.858905E-01 -1.592500E+01
   2.870038E-01 -1.587510E+01
   2.881171E-01 -1.582540E+01
   2.892304E-01 -1.577589E+01
   2.903437E-01 -1.572658E+01
   2.914571E-01 -1.567746E+01
   2.925704E-01 -1.562852E+01
   2.936837E-01 -1.557978E+01
   2.947970E-01 -1.553123E+01
   2.959103E-01 -1.548287E+01
   2.970236E-01 -1.543469E+01
   2.981370E-01 -1.538670E+01
   2.992503E-01 -1.533890E+01
   3.003636E-01 -1.529129E+01
   3.014769E-01 -1.524386E+01
   3.025902E-01 -1.519661E+01
   3.048168E-01 -1.510268E+01
   3.059302E-01 -1.505598E+01
   3.070435E-01 -1.500947E+01
   3.081568E-01 -1.496313E+01
   3.092701E-01 -1.491698E+01
   3.114967E-01 -1.482522E+01
   3.126101E-01 -1.477960E+01
   3.137234E-01 -1.473416E+01
   3.148367E-01 -1.468890E+01
   3.159500E-01 -1.464382E+01
   3.170633E-01 -1.459891E+01
   3.181766E-01 -1.455417E+01
   3.204033E-01 -1.446522E+01
   3.215166E-01 -1.442101E+01
   3.226299E-01 -1.437697E+01
   3.237432E-01 -1.433310E+01
   3.248565E-01 -1.428940E+01
   3.259699E-01 -1.424587E+01
   3.270832E-01 -1.420250E+01
   3.281965E-01 -1.415931E+01
   3.293098E-01 -1.411629E+01
   3.304231E-01 -1.407343E+01
   3.315364E-01 -1.403074E+01
   3.326497E-01 -1.398822E+01
   3.337631E-01 -1.394586E+01
   3.359897E-01 -1.386164E+01
   3.371030E-01 -1.381977E+01
   3.382163E-01 -1.377807E+01
   3.404430E-01 -1.369515E+01
   3.415563E-01 -1.365393E+01
   3.426696E-01 -1.361288E+01
   3.437829E-01 -1.357198E+01
   3.448962E-01 -1.353124E+01
   3.462994E-01 -1.348012E+01
   3.477026E-01 -1.342925E+01
   3.491058E-01 -1.337863E+01
   3.505090E-01 -1.332826E+01
   3.519122E-01 -1.327813E+01
   3.533155E-01 -1.322825E+01
   3.547187E-01 -1.317862E+01
   3.561219E-01 -1.312923E+01
   3.575251E-01 -1.308008E+01
   3.589283E-01 -1.303117E+01
   3.603315E-01 -1.298250E+01
   3.610331E-01 -1.295826E+01
   3.617347E-01 -1.293407E+01
   3.631379E-01 -1.288588E+01
   3.645411E-01 -1.283792E+01
   3.659443E-01 -1.279020E+01
   3.673475E-01 -1.274271E+01
   3.687507E-01 -1.269546E+01
   3.701539E-01 -1.264843E+01
   3.715571E-01 -1.260164E+01
   3.729603E-01 -1.255508E+01
   3.743635E-01 -1.250874E+01
   3.757667E-01 -1.246263E+01
   3.771699E-01 -1.241675E+01
   3.785731E-01 -1.237109E+01
   3.799763E-01 -1.232566E+01
   3.806779E-01 -1.230303E+01
   3.813795E-01 -1.228045E+01
   3.827827E-01 -1.223546E+01
   3.841860E-01 -1.219069E+01
   3.855892E-01 -1.214614E+01
   3.869924E-01 -1.210181E+01
   3.883956E-01 -1.205769E+01
   3.897988E-01 -1.201380E+01
   3.912020E-01 -1.197011E+01
   3.926052E-01 -1.192664E+01
   3.940084E-01 -1.188339E+01
   3.947100E-01 -1.186184E+01
   3.954116E-01 -1.184035E+01
   3.968148E-01 -1.179751E+01
   3.982180E-01 -1.175489E+01
   3.996212E-01 -1.171248E+01
   4.003228E-01 -1.169135E+01
   4.010244E-01 -1.167027E+01
   4.024276E-01 -1.162827E+01
   4.038308E-01 -1.158648E+01
   4.052340E-01 -1.154489E+01
   4.066372E-01 -1.150350E+01
   4.080404E-01 -1.146232E+01
   4.087420E-01 -1.144180E+01
   4.094436E-01 -1.142134E+01
   4.108468E-01 -1.138056E+01
   4.122500E-01 -1.133998E+01
   4.136532E-01 -1.129960E+01
   4.150565E-01 -1.125942E+01
   4.164597E-01 -1.121943E+01
   4.178629E-01 -1.117964E+01
   4.192661E-01 -1.114004E+01
   4.206693E-01 -1.110064E+01
   4.220725E-01 -1.106143E+01
   4.234757E-01 -1.102242E+01
   4.248789E-01 -1.098359E+01
   4.262821E-01 -1.094496E+01
   4.290885E-01 -1.086825E+01
   4.304917E-01 -1.083018E+01
   4.318949E-01 -1.079230E+01
   4.332981E-01 -1.075460E+01
   4.347013E-01 -1.071709E+01
   4.364699E-01 -1.067007E+01
   4.382385E-01 -1.062334E+01
   4.391228E-01 -1.060008E+01
   4.400070E-01 -1.057690E+01
   4.408913E-01 -1.055378E+01
   4.417756E-01 -1.053074E+01
   4.435442E-01 -1.048487E+01
   4.453128E-01 -1.043928E+01
   4.470813E-01 -1.039398E+01
   4.488499E-01 -1.034895E+01
   4.506185E-01 -1.030420E+01
   4.523871E-01 -1.025973E+01
   4.541556E-01 -1.021553E+01
   4.550399E-01 -1.019353E+01
   4.559242E-01 -1.017160E+01
   4.576928E-01 -1.012795E+01
   4.594614E-01 -1.008456E+01
   4.612299E-01 -1.004144E+01
   4.629985E-01 -9.998593E+00
   4.647671E-01 -9.956005E+00
   4.665357E-01 -9.913679E+00
   4.683042E-01 -9.871615E+00
   4.700728E-01 -9.829810E+00
   4.718414E-01 -9.788262E+00
   4.736100E-01 -9.746971E+00
   4.753785E-01 -9.705935E+00
   4.771471E-01 -9.665151E+00
   4.789157E-01 -9.624619E+00
   4.798000E-01 -9.604447E+00
   4.806843E-01 -9.584337E+00
   4.824528E-01 -9.544304E+00
   4.842214E-01 -9.504517E+00
   4.859900E-01 -9.464975E+00
   4.877586E-01 -9.425677E+00
   4.895271E-01 -9.386621E+00
   4.912957E-01 -9.347806E+00
   4.930643E-01 -9.309231E+00
   4.939486E-01 -9.290032E+00
   4.948329E-01 -9.270893E+00
   4.957172E-01 -9.251812E+00
   4.966014E-01 -9.232791E+00
   4.983700E-01 -9.194924E+00
   5.001386E-01 -9.157291E+00
   5.019072E-01 -9.119889E+00
   5.036757E-01 -9.082718E+00
   5.054443E-01 -9.045776E+00
   5.072129E-01 -9.009062E+00
   5.089815E-01 -8.972574E+00
   5.107500E-01 -8.936311E+00
   5.125186E-01 -8.900271E+00
   5.142872E-01 -8.864453E+00
   5.160558E-01 -8.828856E+00
   5.178243E-01 -8.793478E+00
   5.187086E-01 -8.775871E+00
   5.195929E-01 -8.758318E+00
   5.213615E-01 -8.723375E+00
   5.231301E-01 -8.688647E+00
   5.248986E-01 -8.654133E+00
   5.266672E-01 -8.619831E+00
   5.284358E-01 -8.585741E+00
   5.302044E-01 -8.551861E+00
   5.319729E-01 -8.518189E+00
   5.337415E-01 -8.484725E+00
   5.355101E-01 -8.451467E+00
   5.372787E-01 -8.418414E+00
   5.390472E-01 -8.385564E+00
   5.408158E-01 -8.352916E+00
   5.425844E-01 -8.320470E+00
   5.443530E-01 -8.288223E+00
   5.452373E-01 -8.272174E+00
   5.461215E-01 -8.256175E+00
   5.478901E-01 -8.224324E+00
   5.490047E-01 -8.204353E+00
   5.501192E-01 -8.184459E+00
   5.512337E-01 -8.164642E+00
   5.523483E-01 -8.144903E+00
   5.545774E-01 -8.105653E+00
   5.556919E-01 -8.086143E+00
   5.568064E-01 -8.066708E+00
   5.579210E-01 -8.047349E+00
   5.590355E-01 -8.028065E+00
   5.612646E-01 -7.989721E+00
   5.634937E-01 -7.951674E+00
   5.646082E-01 -7.932761E+00
   5.657228E-01 -7.913922E+00
   5.668373E-01 -7.895156E+00
   5.679519E-01 -7.876463E+00
   5.701809E-01 -7.839294E+00
   5.724100E-01 -7.802413E+00
   5.735246E-01 -7.784080E+00
   5.746391E-01 -7.765818E+00
   5.768682E-01 -7.729506E+00
   5.790973E-01 -7.693475E+00
   5.813263E-01 -7.657724E+00
   5.824409E-01 -7.639952E+00
   5.835554E-01 -7.622249E+00
   5.846700E-01 -7.604615E+00
   5.857845E-01 -7.587050E+00
   5.868990E-01 -7.569552E+00
   5.880136E-01 -7.552123E+00
   5.891281E-01 -7.534761E+00
   5.902427E-01 -7.517466E+00
   5.913572E-01 -7.500238E+00
   5.924718E-01 -7.483078E+00
   5.935863E-01 -7.465984E+00
   5.947008E-01 -7.448956E+00
   5.969299E-01 -7.415098E+00
   5.991590E-01 -7.381502E+00
   6.002735E-01 -7.364802E+00
   6.013881E-01 -7.348167E+00
   6.036172E-01 -7.315089E+00
   6.047317E-01 -7.298646E+00
   6.058462E-01 -7.282268E+00
   6.080753E-01 -7.249700E+00
   6.103044E-01 -7.217385E+00
   6.114189E-01 -7.201321E+00
   6.125335E-01 -7.185319E+00
   6.136480E-01 -7.169380E+00
   6.147626E-01 -7.153502E+00
   6.169917E-01 -7.121931E+00
   6.181062E-01 -7.106237E+00
   6.192207E-01 -7.090604E+00
   6.203353E-01 -7.075032E+00
   6.214498E-01 -7.059520E+00
   6.236789E-01 -7.028676E+00
   6.259080E-01 -6.998070E+00
   6.270225E-01 -6.982856E+00
   6.281371E-01 -6.967701E+00
   6.292516E-01 -6.952605E+00
   6.303661E-01 -6.937567E+00
   6.325952E-01 -6.907667E+00
   6.348243E-01 -6.877997E+00
   6.359388E-01 -6.863248E+00
   6.370534E-01 -6.848557E+00
   6.392825E-01 -6.819344E+00
   6.415116E-01 -6.790357E+00
   6.426261E-01 -6.775948E+00
   6.437406E-01 -6.761594E+00
   6.448552E-01 -6.747297E+00
   6.459697E-01 -6.733054E+00
   6.481988E-01 -6.704734E+00
   6.493133E-01 -6.690656E+00
   6.504279E-01 -6.676633E+00
   6.515424E-01 -6.662664E+00
   6.526570E-01 -6.648749E+00
   6.548860E-01 -6.621081E+00
   6.560006E-01 -6.607327E+00
   6.571151E-01 -6.593626E+00
   6.582297E-01 -6.579978E+00
   6.593442E-01 -6.566383E+00
   6.615733E-01 -6.539351E+00
   6.626878E-01 -6.525914E+00
   6.638024E-01 -6.512528E+00
   6.649169E-01 -6.499194E+00
   6.660315E-01 -6.485912E+00
   6.682605E-01 -6.459501E+00
   6.704896E-01 -6.433294E+00
   6.716042E-01 -6.420267E+00
   6.727187E-01 -6.407290E+00
   6.749478E-01 -6.381486E+00
   6.771769E-01 -6.355881E+00
   6.794059E-01 -6.330474E+00
   6.816350E-01 -6.305264E+00
   6.827496E-01 -6.292731E+00
   6.838641E-01 -6.280247E+00
   6.849786E-01 -6.267812E+00
   6.860932E-01 -6.255424E+00
   6.883223E-01 -6.230792E+00
   6.905514E-01 -6.206351E+00
   6.919561E-01 -6.191044E+00
   6.933608E-01 -6.175813E+00
   6.947656E-01 -6.160656E+00
   6.961703E-01 -6.145572E+00
   6.989798E-01 -6.115625E+00
   7.003846E-01 -6.100760E+00
   7.017893E-01 -6.085968E+00
   7.031941E-01 -6.071248E+00
   7.045988E-01 -6.056599E+00
   7.074083E-01 -6.027515E+00
   7.088131E-01 -6.013080E+00
   7.102178E-01 -5.998714E+00
   7.116226E-01 -5.984418E+00
   7.130273E-01 -5.970192E+00
   7.144321E-01 -5.956035E+00
   7.158368E-01 -5.941947E+00
   7.172416E-01 -5.927927E+00
   7.186463E-01 -5.913975E+00
   7.200511E-01 -5.900092E+00
   7.214558E-01 -5.886275E+00
   7.228606E-01 -5.872526E+00
   7.242653E-01 -5.858844E+00
   7.270748E-01 -5.831679E+00
   7.284796E-01 -5.818195E+00
   7.298843E-01 -5.804777E+00
   7.312891E-01 -5.791424E+00
   7.326938E-01 -5.778135E+00
   7.340985E-01 -5.764912E+00
   7.355033E-01 -5.751752E+00
   7.369080E-01 -5.738657E+00
   7.383128E-01 -5.725625E+00
   7.397175E-01 -5.712656E+00
   7.411223E-01 -5.699751E+00
   7.425270E-01 -5.686908E+00
   7.439318E-01 -5.674127E+00
   7.453365E-01 -5.661408E+00
   7.467413E-01 -5.648752E+00
   7.495508E-01 -5.623622E+00
   7.509555E-01 -5.611148E+00
   7.523603E-01 -5.598736E+00
   7.537650E-01 -5.586383E+00
   7.551698E-01 -5.574090E+00
   7.565745E-01 -5.561857E+00
   7.579793E-01 -5.549683E+00
   7.593840E-01 -5.537569E+00
   7.607888E-01 -5.525513E+00
   7.621935E-01 -5.513515E+00
   7.635983E-01 -5.501576E+00
   7.650030E-01 -5.489694E+00
   7.664078E-01 -5.477871E+00
   7.692173E-01 -5.454395E+00
   7.706220E-01 -5.442742E+00
   7.720268E-01 -5.431146E+00
   7.734315E-01 -5.419606E+00
   7.748363E-01 -5.408122E+00
   7.776457E-01 -5.385321E+00
   7.790505E-01 -5.374003E+00
   7.804552E-01 -5.362740E+00
   7.818600E-01 -5.351531E+00
   7.832647E-01 -5.340377E+00
   7.846695E-01 -5.329277E+00
   7.860742E-01 -5.318230E+00
   7.874790E-01 -5.307237E+00
   7.888837E-01 -5.296298E+00
   7.902885E-01 -5.285411E+00
   7.916932E-01 -5.274577E+00
   7.945027E-01 -5.253066E+00
   7.959075E-01 -5.242388E+00
   7.973122E-01 -5.231763E+00
   7.987170E-01 -5.221188E+00
   8.001217E-01 -5.210665E+00
   8.015265E-01 -5.200193E+00
   8.029312E-01 -5.189771E+00
   8.043360E-01 -5.179400E+00
   8.057407E-01 -5.169079E+00
   8.071455E-01 -5.158808E+00
   8.085502E-01 -5.148586E+00
   8.099550E-01 -5.138414E+00
   8.113597E-01 -5.128291E+00
   8.127645E-01 -5.118217E+00
   8.141692E-01 -5.108192E+00
   8.155740E-01 -5.098215E+00
   8.169787E-01 -5.088287E+00
   8.183834E-01 -5.078406E+00
   8.197882E-01 -5.068573E+00
   8.211929E-01 -5.058788E+00
   8.225977E-01 -5.049050E+00
   8.240024E-01 -5.039359E+00
   8.254072E-01 -5.029715E+00
   8.268119E-01 -5.020117E+00
   8.282167E-01 -5.010566E+00
   8.296214E-01 -5.001060E+00
   8.310262E-01 -4.991601E+00
   8.338357E-01 -4.972819E+00
   8.352404E-01 -4.963497E+00
   8.366452E-01 -4.954219E+00
   8.380499E-01 -4.944985E+00
   8.394547E-01 -4.935797E+00
   8.408594E-01 -4.926653E+00
   8.422642E-01 -4.917552E+00
   8.436689E-01 -4.908496E+00
   8.450737E-01 -4.899483E+00
   8.464784E-01 -4.890514E+00
   8.478832E-01 -4.881589E+00
   8.492879E-01 -4.872706E+00
   8.506927E-01 -4.863866E+00
   8.520974E-01 -4.855068E+00
   8.535022E-01 -4.846313E+00
   8.549069E-01 -4.837601E+00
   8.563117E-01 -4.828930E+00
   8.591211E-01 -4.811713E+00
   8.605259E-01 -4.803167E+00
   8.619306E-01 -4.794662E+00
   8.633354E-01 -4.786198E+00
   8.647401E-01 -4.777775E+00
   8.675496E-01 -4.761050E+00
   8.703591E-01 -4.744486E+00
   8.721297E-01 -4.734129E+00
   8.739002E-01 -4.723835E+00
   8.756707E-01 -4.713604E+00
   8.774412E-01 -4.703434E+00
   8.809823E-01 -4.683279E+00
   8.827528E-01 -4.673293E+00
   8.845233E-01 -4.663368E+00
   8.862938E-01 -4.653503E+00
   8.880643E-01 -4.643697E+00
   8.898349E-01 -4.633951E+00
   8.916054E-01 -4.624264E+00
   8.933759E-01 -4.614635E+00
   8.951464E-01 -4.605065E+00
   8.969169E-01 -4.595553E+00
   8.986875E-01 -4.586098E+00
   9.022285E-01 -4.567359E+00
   9.039990E-01 -4.558075E+00
   9.057696E-01 -4.548847E+00
   9.075401E-01 -4.539674E+00
   9.093106E-01 -4.530557E+00
   9.110811E-01 -4.521495E+00
   9.128516E-01 -4.512488E+00
   9.146222E-01 -4.503535E+00
   9.163927E-01 -4.494637E+00
   9.181632E-01 -4.485792E+00
   9.199337E-01 -4.477000E+00
   9.217042E-01 -4.468262E+00
   9.234748E-01 -4.459576E+00
   9.252453E-01 -4.450943E+00
   9.270158E-01 -4.442362E+00
   9.287863E-01 -4.433833E+00
   9.305568E-01 -4.425355E+00
   9.323274E-01 -4.416928E+00
   9.340979E-01 -4.408552E+00
   9.376389E-01 -4.391951E+00
   9.394094E-01 -4.383726E+00
   9.411800E-01 -4.375550E+00
   9.429505E-01 -4.367424E+00
   9.447210E-01 -4.359346E+00
   9.482621E-01 -4.343336E+00
   9.500326E-01 -4.335404E+00
   9.518031E-01 -4.327519E+00
   9.535736E-01 -4.319682E+00
   9.553441E-01 -4.311892E+00
   9.571147E-01 -4.304149E+00
   9.588852E-01 -4.296452E+00
   9.606557E-01 -4.288802E+00
   9.624262E-01 -4.281197E+00
   9.659673E-01 -4.266125E+00
   9.677378E-01 -4.258657E+00
   9.695083E-01 -4.251234E+00
   9.712788E-01 -4.243856E+00
   9.730493E-01 -4.236522E+00
   9.748199E-01 -4.229231E+00
   9.765904E-01 -4.221985E+00
   9.783609E-01 -4.214782E+00
   9.801314E-01 -4.207623E+00
   9.819019E-01 -4.200506E+00
   9.836725E-01 -4.193432E+00
   9.854430E-01 -4.186401E+00
   9.872135E-01 -4.179411E+00
   9.889840E-01 -4.172464E+00
   9.907546E-01 -4.165558E+00
   9.925251E-01 -4.158694E+00
   9.942956E-01 -4.151871E+00
   9.960661E-01 -4.145089E+00
   9.978366E-01 -4.138347E+00
   1.001378E+00 -4.124985E+00
   1.003148E+00 -4.118364E+00
   1.004919E+00 -4.111782E+00
   1.006689E+00 -4.105240E+00
   1.008460E+00 -4.098737E+00
   1.010230E+00 -4.092273E+00
   1.012001E+00 -4.085848E+00
   1.013771E+00 -4.079461E+00
   1.015542E+00 -4.073112E+00
   1.017312E+00 -4.066801E+00
   1.019083E+00 -4.060528E+00
   1.022624E+00 -4.048094E+00
   1.024394E+00 -4.041933E+00
   1.026165E+00 -4.035809E+00
   1.027935E+00 -4.029721E+00
   1.029706E+00 -4.023669E+00
   1.031477E+00 -4.017654E+00
   1.033247E+00 -4.011675E+00
   1.035018E+00 -4.005731E+00
   1.036788E+00 -3.999823E+00
   1.038559E+00 -3.993949E+00
   1.040329E+00 -3.988111E+00
   1.043870E+00 -3.976540E+00
   1.045641E+00 -3.970805E+00
   1.047411E+00 -3.965105E+00
   1.049182E+00 -3.959439E+00
   1.050952E+00 -3.953807E+00
   1.052723E+00 -3.948208E+00
   1.054493E+00 -3.942643E+00
   1.056264E+00 -3.937110E+00
   1.058034E+00 -3.931611E+00
   1.059805E+00 -3.926144E+00
   1.061575E+00 -3.920710E+00
   1.063346E+00 -3.915308E+00
   1.065116E+00 -3.909938E+00
   1.066887E+00 -3.904600E+00
   1.068657E+00 -3.899294E+00
   1.070428E+00 -3.894020E+00
   1.072199E+00 -3.888777E+00
   1.073969E+00 -3.883564E+00
   1.075740E+00 -3.878383E+00
   1.079281E+00 -3.868113E+00
   1.081051E+00 -3.863024E+00
   1.082822E+00 -3.857965E+00
   1.084592E+00 -3.852935E+00
   1.086363E+00 -3.847936E+00
   1.088133E+00 -3.842966E+00
   1.089904E+00 -3.838026E+00
   1.091674E+00 -3.833115E+00
   1.093445E+00 -3.828233E+00
   1.095215E+00 -3.823380E+00
   1.096986E+00 -3.818556E+00
   1.099217E+00 -3.812516E+00
   1.101449E+00 -3.806521E+00
   1.103680E+00 -3.800571E+00
   1.105912E+00 -3.794665E+00
   1.108143E+00 -3.788804E+00
   1.110375E+00 -3.782986E+00
   1.112607E+00 -3.777211E+00
   1.114838E+00 -3.771479E+00
   1.117070E+00 -3.765790E+00
   1.119301E+00 -3.760143E+00
   1.121533E+00 -3.754538E+00
   1.123764E+00 -3.748975E+00
   1.125996E+00 -3.743453E+00
   1.128227E+00 -3.737972E+00
   1.130459E+00 -3.732531E+00
   1.132690E+00 -3.727131E+00
   1.137153E+00 -3.716451E+00
   1.139385E+00 -3.711171E+00
   1.141616E+00 -3.705929E+00
   1.143848E+00 -3.700727E+00
   1.146080E+00 -3.695562E+00
   1.148311E+00 -3.690437E+00
   1.150543E+00 -3.685349E+00
   1.152774E+00 -3.680298E+00
   1.155006E+00 -3.675285E+00
   1.157237E+00 -3.670309E+00
   1.159469E+00 -3.665370E+00
   1.161700E+00 -3.660467E+00
   1.163932E+00 -3.655601E+00
   1.166163E+00 -3.650770E+00
   1.168395E+00 -3.645976E+00
   1.170626E+00 -3.641216E+00
   1.172858E+00 -3.636492E+00
   1.175089E+00 -3.631802E+00
   1.177321E+00 -3.627147E+00
   1.179553E+00 -3.622526E+00
   1.181784E+00 -3.617939E+00
   1.184016E+00 -3.613386E+00
   1.186247E+00 -3.608867E+00
   1.190710E+00 -3.599927E+00
   1.192942E+00 -3.595507E+00
   1.195173E+00 -3.591119E+00
   1.197405E+00 -3.586763E+00
   1.199636E+00 -3.582439E+00
   1.201868E+00 -3.578147E+00
   1.204099E+00 -3.573886E+00
   1.206331E+00 -3.569657E+00
   1.208563E+00 -3.565458E+00
   1.210794E+00 -3.561291E+00
   1.213026E+00 -3.557153E+00
   1.215257E+00 -3.553046E+00
   1.217489E+00 -3.548970E+00
   1.221952E+00 -3.540905E+00
   1.224183E+00 -3.536917E+00
   1.226415E+00 -3.532958E+00
   1.228646E+00 -3.529027E+00
   1.230878E+00 -3.525126E+00
   1.235341E+00 -3.517408E+00
   1.237572E+00 -3.513591E+00
   1.239804E+00 -3.509802E+00
   1.242036E+00 -3.506041E+00
   1.244267E+00 -3.502307E+00
   1.246499E+00 -3.498600E+00
   1.248730E+00 -3.494920E+00
   1.250962E+00 -3.491266E+00
   1.253193E+00 -3.487639E+00
   1.255425E+00 -3.484039E+00
   1.257656E+00 -3.480464E+00
   1.259888E+00 -3.476916E+00
   1.262119E+00 -3.473393E+00
   1.264351E+00 -3.469896E+00
   1.266582E+00 -3.466424E+00
   1.271045E+00 -3.459555E+00
   1.273277E+00 -3.456158E+00
   1.275509E+00 -3.452785E+00
   1.277740E+00 -3.449436E+00
   1.279972E+00 -3.446112E+00
   1.282203E+00 -3.442812E+00
   1.284435E+00 -3.439535E+00
   1.286666E+00 -3.436282E+00
   1.288898E+00 -3.433053E+00
   1.291129E+00 -3.429846E+00
   1.293361E+00 -3.426663E+00
   1.295592E+00 -3.423502E+00
   1.297824E+00 -3.420365E+00
   1.300055E+00 -3.417249E+00
   1.302287E+00 -3.414156E+00
   1.306750E+00 -3.408036E+00
   1.308982E+00 -3.405009E+00
   1.311213E+00 -3.402004E+00
   1.313445E+00 -3.399020E+00
   1.315676E+00 -3.396057E+00
   1.320139E+00 -3.390194E+00
   1.324602E+00 -3.384415E+00
   1.326834E+00 -3.381556E+00
   1.329065E+00 -3.378718E+00
   1.331297E+00 -3.375900E+00
   1.333528E+00 -3.373101E+00
   1.337991E+00 -3.367564E+00
   1.340223E+00 -3.364824E+00
   1.342455E+00 -3.362104E+00
   1.344686E+00 -3.359403E+00
   1.346918E+00 -3.356721E+00
   1.351381E+00 -3.351414E+00
   1.355844E+00 -3.346182E+00
   1.358075E+00 -3.343593E+00
   1.360307E+00 -3.341022E+00
   1.362538E+00 -3.338470E+00
   1.364770E+00 -3.335935E+00
   1.369233E+00 -3.330918E+00
   1.371465E+00 -3.328436E+00
   1.373696E+00 -3.325972E+00
   1.375928E+00 -3.323524E+00
   1.378159E+00 -3.321094E+00
   1.382622E+00 -3.316283E+00
   1.385435E+00 -3.313286E+00
   1.388247E+00 -3.310315E+00
   1.391060E+00 -3.307370E+00
   1.393873E+00 -3.304450E+00
   1.399498E+00 -3.298686E+00
   1.402310E+00 -3.295842E+00
   1.405123E+00 -3.293022E+00
   1.410748E+00 -3.287455E+00
   1.413561E+00 -3.284708E+00
   1.416373E+00 -3.281983E+00
   1.419186E+00 -3.279283E+00
   1.421998E+00 -3.276605E+00
   1.427624E+00 -3.271318E+00
   1.430436E+00 -3.268708E+00
   1.433249E+00 -3.266121E+00
   1.436061E+00 -3.263555E+00
   1.438874E+00 -3.261011E+00
   1.441687E+00 -3.258488E+00
   1.444499E+00 -3.255987E+00
   1.447312E+00 -3.253507E+00
   1.450124E+00 -3.251047E+00
   1.452937E+00 -3.248608E+00
   1.455749E+00 -3.246190E+00
   1.458562E+00 -3.243791E+00
   1.461375E+00 -3.241412E+00
   1.464187E+00 -3.239054E+00
   1.467000E+00 -3.236714E+00
   1.469812E+00 -3.234394E+00
   1.472625E+00 -3.232093E+00
   1.478250E+00 -3.227547E+00
   1.481063E+00 -3.225302E+00
   1.483875E+00 -3.223075E+00
   1.486688E+00 -3.220866E+00
   1.489501E+00 -3.218675E+00
   1.492313E+00 -3.216502E+00
   1.495126E+00 -3.214346E+00
   1.497938E+00 -3.212207E+00
   1.500751E+00 -3.210086E+00
   1.503563E+00 -3.207981E+00
   1.506376E+00 -3.205893E+00
   1.512001E+00 -3.201767E+00
   1.514814E+00 -3.199728E+00
   1.517626E+00 -3.197705E+00
   1.520439E+00 -3.195697E+00
   1.523252E+00 -3.193706E+00
   1.528877E+00 -3.189768E+00
   1.534502E+00 -3.185891E+00
   1.537314E+00 -3.183975E+00
   1.540127E+00 -3.182073E+00
   1.542940E+00 -3.180185E+00
   1.545752E+00 -3.178312E+00
   1.551377E+00 -3.174607E+00
   1.554190E+00 -3.172775E+00
   1.557003E+00 -3.170956E+00
   1.559815E+00 -3.169151E+00
   1.562628E+00 -3.167359E+00
   1.568253E+00 -3.163814E+00
   1.573878E+00 -3.160320E+00
   1.579503E+00 -3.156876E+00
   1.582316E+00 -3.155171E+00
   1.585128E+00 -3.153479E+00
   1.590754E+00 -3.150130E+00
   1.596379E+00 -3.146826E+00
   1.602004E+00 -3.143567E+00
   1.604817E+00 -3.141954E+00
   1.607629E+00 -3.140352E+00
   1.613254E+00 -3.137178E+00
   1.618880E+00 -3.134046E+00
   1.624505E+00 -3.130953E+00
   1.630130E+00 -3.127900E+00
   1.635755E+00 -3.124884E+00
   1.641380E+00 -3.121905E+00
   1.647005E+00 -3.118961E+00
   1.652631E+00 -3.116051E+00
   1.658256E+00 -3.113175E+00
   1.663881E+00 -3.110332E+00
   1.669506E+00 -3.107520E+00
   1.675131E+00 -3.104738E+00
   1.680756E+00 -3.101985E+00
   1.683569E+00 -3.100619E+00
   1.686382E+00 -3.099260E+00
   1.692007E+00 -3.096563E+00
   1.697632E+00 -3.093892E+00
   1.703257E+00 -3.091247E+00
   1.708882E+00 -3.088626E+00
   1.714508E+00 -3.086029E+00
   1.720133E+00 -3.083454E+00
   1.725758E+00 -3.080901E+00
   1.731383E+00 -3.078369E+00
   1.737008E+00 -3.075856E+00
   1.742633E+00 -3.073363E+00
   1.749723E+00 -3.070246E+00
   1.753268E+00 -3.068698E+00
   1.756813E+00 -3.067156E+00
   1.760358E+00 -3.065621E+00
   1.763903E+00 -3.064092E+00
   1.770993E+00 -3.061052E+00
   1.774538E+00 -3.059540E+00
   1.778083E+00 -3.058033E+00
   1.781628E+00 -3.056532E+00
   1.785173E+00 -3.055036E+00
   1.792263E+00 -3.052057E+00
   1.795807E+00 -3.050575E+00
   1.799352E+00 -3.049096E+00
   1.806442E+00 -3.046151E+00
   1.809987E+00 -3.044684E+00
   1.813532E+00 -3.043221E+00
   1.817077E+00 -3.041761E+00
   1.820622E+00 -3.040304E+00
   1.827712E+00 -3.037398E+00
   1.831257E+00 -3.035949E+00
   1.834802E+00 -3.034502E+00
   1.838347E+00 -3.033058E+00
   1.841892E+00 -3.031616E+00
   1.848982E+00 -3.028737E+00
   1.852526E+00 -3.027299E+00
   1.856071E+00 -3.025864E+00
   1.859616E+00 -3.024429E+00
   1.863161E+00 -3.022996E+00
   1.870251E+00 -3.020131E+00
   1.873796E+00 -3.018700E+00
   1.877341E+00 -3.017270E+00
   1.880886E+00 -3.015839E+00
   1.884431E+00 -3.014409E+00
   1.891521E+00 -3.011548E+00
   1.898611E+00 -3.008687E+00
   1.902156E+00 -3.007255E+00
   1.905701E+00 -3.005823E+00
   1.909245E+00 -3.004390E+00
   1.912790E+00 -3.002956E+00
   1.919880E+00 -3.000085E+00
   1.923425E+00 -2.998647E+00
   1.926970E+00 -2.997208E+00
   1.934060E+00 -2.994325E+00
   1.937605E+00 -2.992881E+00
   1.941150E+00 -2.991435E+00
   1.944695E+00 -2.989987E+00
   1.948240E+00 -2.988537E+00
   1.955330E+00 -2.985630E+00
   1.958875E+00 -2.984173E+00
   1.962420E+00 -2.982713E+00
   1.965964E+00 -2.981250E+00
   1.969509E+00 -2.979785E+00
   1.973054E+00 -2.978317E+00
   1.976599E+00 -2.976846E+00
   1.980144E+00 -2.975371E+00
   1.983689E+00 -2.973894E+00
   1.987234E+00 -2.972413E+00
   1.990779E+00 -2.970929E+00
   1.994324E+00 -2.969442E+00
   1.997869E+00 -2.967951E+00
   2.004959E+00 -2.964959E+00
   2.008504E+00 -2.963457E+00
   2.012049E+00 -2.961952E+00
   2.015594E+00 -2.960442E+00
   2.019139E+00 -2.958929E+00
   2.022683E+00 -2.957412E+00
   2.026228E+00 -2.955890E+00
   2.029773E+00 -2.954365E+00
   2.033318E+00 -2.952835E+00
   2.036863E+00 -2.951301E+00
   2.040408E+00 -2.949763E+00
   2.043953E+00 -2.948220E+00
   2.047498E+00 -2.946673E+00
   2.051043E+00 -2.945122E+00
   2.054588E+00 -2.943566E+00
   2.058133E+00 -2.942005E+00
   2.061678E+00 -2.940440E+00
   2.065223E+00 -2.938871E+00
   2.068768E+00 -2.937296E+00
   2.072313E+00 -2.935717E+00
   2.075858E+00 -2.934134E+00
   2.079402E+00 -2.932545E+00
   2.082947E+00 -2.930952E+00
   2.090037E+00 -2.927751E+00
   2.093582E+00 -2.926144E+00
   2.097127E+00 -2.924531E+00
   2.100672E+00 -2.922914E+00
   2.104217E+00 -2.921291E+00
   2.107762E+00 -2.919664E+00
   2.111307E+00 -2.918032E+00
   2.114852E+00 -2.916395E+00
   2.118397E+00 -2.914753E+00
   2.121942E+00 -2.913106E+00
   2.125487E+00 -2.911454E+00
   2.129032E+00 -2.909797E+00
   2.132576E+00 -2.908136E+00
   2.136121E+00 -2.906469E+00
   2.139666E+00 -2.904798E+00
   2.146756E+00 -2.901440E+00
   2.150301E+00 -2.899754E+00
   2.153846E+00 -2.898063E+00
   2.157391E+00 -2.896367E+00
   2.160936E+00 -2.894666E+00
   2.168026E+00 -2.891251E+00
   2.171571E+00 -2.889536E+00
   2.175116E+00 -2.887816E+00
   2.178661E+00 -2.886092E+00
   2.182206E+00 -2.884363E+00
   2.189295E+00 -2.880891E+00
   2.196385E+00 -2.877402E+00
   2.200853E+00 -2.875193E+00
   2.205321E+00 -2.872978E+00
   2.209789E+00 -2.870756E+00
   2.214257E+00 -2.868526E+00
   2.218725E+00 -2.866291E+00
   2.223193E+00 -2.864048E+00
   2.227661E+00 -2.861800E+00
   2.232129E+00 -2.859544E+00
   2.236597E+00 -2.857283E+00
   2.241065E+00 -2.855015E+00
   2.245533E+00 -2.852742E+00
   2.250001E+00 -2.850463E+00
   2.254469E+00 -2.848177E+00
   2.258937E+00 -2.845887E+00
   2.263405E+00 -2.843591E+00
   2.267873E+00 -2.841289E+00
   2.272341E+00 -2.838982E+00
   2.276809E+00 -2.836671E+00
   2.281277E+00 -2.834354E+00
   2.285745E+00 -2.832033E+00
   2.290213E+00 -2.829707E+00
   2.294681E+00 -2.827377E+00
   2.299149E+00 -2.825043E+00
   2.303617E+00 -2.822704E+00
   2.312553E+00 -2.818016E+00
   2.321489E+00 -2.813313E+00
   2.330425E+00 -2.808597E+00
   2.339361E+00 -2.803870E+00
   2.348297E+00 -2.799132E+00
   2.357233E+00 -2.794386E+00
   2.366169E+00 -2.789633E+00
   2.375105E+00 -2.784874E+00
   2.384040E+00 -2.780111E+00
   2.392976E+00 -2.775344E+00
   2.397444E+00 -2.772960E+00
   2.401912E+00 -2.770576E+00
   2.410848E+00 -2.765809E+00
   2.419784E+00 -2.761042E+00
   2.428720E+00 -2.756278E+00
   2.437656E+00 -2.751519E+00
   2.442124E+00 -2.749141E+00
   2.446592E+00 -2.746765E+00
   2.451060E+00 -2.744390E+00
   2.455528E+00 -2.742017E+00
   2.459996E+00 -2.739647E+00
   2.464464E+00 -2.737278E+00
   2.468932E+00 -2.734912E+00
   2.473400E+00 -2.732548E+00
   2.477868E+00 -2.730187E+00
   2.482336E+00 -2.727829E+00
   2.486804E+00 -2.725474E+00
   2.491272E+00 -2.723122E+00
   2.500208E+00 -2.718427E+00
   2.504676E+00 -2.716085E+00
   2.509144E+00 -2.713747E+00
   2.513612E+00 -2.711413E+00
   2.518080E+00 -2.709082E+00
   2.522548E+00 -2.706755E+00
   2.527016E+00 -2.704433E+00
   2.531484E+00 -2.702115E+00
   2.535952E+00 -2.699801E+00
   2.540420E+00 -2.697492E+00
   2.544888E+00 -2.695187E+00
   2.549356E+00 -2.692888E+00
   2.553824E+00 -2.690593E+00
   2.558292E+00 -2.688303E+00
   2.562760E+00 -2.686018E+00
   2.567228E+00 -2.683738E+00
   2.571696E+00 -2.681463E+00
   2.576164E+00 -2.679194E+00
   2.580632E+00 -2.676931E+00
   2.585100E+00 -2.674672E+00
   2.589567E+00 -2.672420E+00
   2.598503E+00 -2.667932E+00
   2.602971E+00 -2.665696E+00
   2.607439E+00 -2.663467E+00
   2.611907E+00 -2.661244E+00
   2.616375E+00 -2.659026E+00
   2.625311E+00 -2.654610E+00
   2.629779E+00 -2.652411E+00
   2.634247E+00 -2.650218E+00
   2.638715E+00 -2.648032E+00
   2.643183E+00 -2.645852E+00
   2.647651E+00 -2.643679E+00
   2.652119E+00 -2.641512E+00
   2.656587E+00 -2.639351E+00
   2.661055E+00 -2.637197E+00
   2.665523E+00 -2.635050E+00
   2.669991E+00 -2.632909E+00
   2.674459E+00 -2.630775E+00
   2.678927E+00 -2.628648E+00
   2.683395E+00 -2.626527E+00
   2.687863E+00 -2.624413E+00
   2.692331E+00 -2.622306E+00
   2.696799E+00 -2.620206E+00
   2.705735E+00 -2.616025E+00
   2.714671E+00 -2.611872E+00
   2.723607E+00 -2.607747E+00
   2.732543E+00 -2.603648E+00
   2.741479E+00 -2.599578E+00
   2.750415E+00 -2.595535E+00
   2.759351E+00 -2.591519E+00
   2.768287E+00 -2.587531E+00
   2.773918E+00 -2.585032E+00
   2.779549E+00 -2.582544E+00
   2.785181E+00 -2.580066E+00
   2.790812E+00 -2.577600E+00
   2.796443E+00 -2.575144E+00
   2.802075E+00 -2.572699E+00
   2.813338E+00 -2.567842E+00
   2.824600E+00 -2.563027E+00
   2.835863E+00 -2.558255E+00
   2.847126E+00 -2.553524E+00
   2.858388E+00 -2.548836E+00
   2.869651E+00 -2.544190E+00
   2.880914E+00 -2.539584E+00
   2.892177E+00 -2.535019E+00
   2.903439E+00 -2.530495E+00
   2.914702E+00 -2.526011E+00
   2.925965E+00 -2.521566E+00
   2.937228E+00 -2.517161E+00
   2.948490E+00 -2.512794E+00
   2.959753E+00 -2.508466E+00
   2.971016E+00 -2.504175E+00
   2.982278E+00 -2.499923E+00
   2.993541E+00 -2.495707E+00
   3.004804E+00 -2.491528E+00
   3.016067E+00 -2.487386E+00
   3.027329E+00 -2.483279E+00
   3.038592E+00 -2.479209E+00
   3.049855E+00 -2.475173E+00
   3.061118E+00 -2.471173E+00
   3.072380E+00 -2.467207E+00
   3.083643E+00 -2.463275E+00
   3.094906E+00 -2.459376E+00
   3.100537E+00 -2.457440E+00
   3.106168E+00 -2.455512E+00
   3.117431E+00 -2.451680E+00
   3.128694E+00 -2.447881E+00
   3.139957E+00 -2.444115E+00
   3.151219E+00 -2.440380E+00
   3.162482E+00 -2.436678E+00
   3.173745E+00 -2.433006E+00
   3.185008E+00 -2.429366E+00
   3.196270E+00 -2.425757E+00
   3.207533E+00 -2.422179E+00
   3.218796E+00 -2.418630E+00
   3.230058E+00 -2.415112E+00
   3.241321E+00 -2.411623E+00
   3.252584E+00 -2.408163E+00
   3.258215E+00 -2.406444E+00
   3.263847E+00 -2.404733E+00
   3.275109E+00 -2.401331E+00
   3.286372E+00 -2.397958E+00
   3.297635E+00 -2.394613E+00
   3.308898E+00 -2.391297E+00
   3.320160E+00 -2.388007E+00
   3.331423E+00 -2.384746E+00
   3.342686E+00 -2.381512E+00
   3.353948E+00 -2.378304E+00
   3.359580E+00 -2.376711E+00
   3.365211E+00 -2.375124E+00
   3.376474E+00 -2.371970E+00
   3.387737E+00 -2.368842E+00
   3.398999E+00 -2.365740E+00
   3.410262E+00 -2.362664E+00
   3.421525E+00 -2.359614E+00
   3.432788E+00 -2.356588E+00
   3.444050E+00 -2.353589E+00
   3.455313E+00 -2.350613E+00
   3.466576E+00 -2.347663E+00
   3.477838E+00 -2.344737E+00
   3.489101E+00 -2.341835E+00
   3.503297E+00 -2.338212E+00
   3.510394E+00 -2.336415E+00
   3.517492E+00 -2.334627E+00
   3.531687E+00 -2.331079E+00
   3.545883E+00 -2.327568E+00
   3.560078E+00 -2.324094E+00
   3.574273E+00 -2.320656E+00
   3.588469E+00 -2.317253E+00
   3.602664E+00 -2.313887E+00
   3.616859E+00 -2.310555E+00
   3.631055E+00 -2.307257E+00
   3.645250E+00 -2.303994E+00
   3.659445E+00 -2.300765E+00
   3.673641E+00 -2.297570E+00
   3.687836E+00 -2.294408E+00
   3.702031E+00 -2.291278E+00
   3.716227E+00 -2.288182E+00
   3.730422E+00 -2.285117E+00
   3.744618E+00 -2.282084E+00
   3.758813E+00 -2.279083E+00
   3.765911E+00 -2.277595E+00
   3.773008E+00 -2.276113E+00
   3.787204E+00 -2.273174E+00
   3.801399E+00 -2.270266E+00
   3.815594E+00 -2.267388E+00
   3.829790E+00 -2.264540E+00
   3.843985E+00 -2.261721E+00
   3.858180E+00 -2.258932E+00
   3.872376E+00 -2.256172E+00
   3.886571E+00 -2.253441E+00
   3.893669E+00 -2.252086E+00
   3.900766E+00 -2.250738E+00
   3.914962E+00 -2.248063E+00
   3.929157E+00 -2.245416E+00
   3.936255E+00 -2.244103E+00
   3.943352E+00 -2.242797E+00
   3.957548E+00 -2.240205E+00
   3.971743E+00 -2.237641E+00
   3.985938E+00 -2.235103E+00
   3.993036E+00 -2.233844E+00
   4.000134E+00 -2.232591E+00
   4.014329E+00 -2.230106E+00
   4.028525E+00 -2.227647E+00
   4.042720E+00 -2.225213E+00
   4.056915E+00 -2.222805E+00
   4.071111E+00 -2.220422E+00
   4.085306E+00 -2.218064E+00
   4.113697E+00 -2.213422E+00
   4.127892E+00 -2.211137E+00
   4.142087E+00 -2.208877E+00
   4.156283E+00 -2.206640E+00
   4.170478E+00 -2.204427E+00
   4.184673E+00 -2.202236E+00
   4.198869E+00 -2.200069E+00
   4.213064E+00 -2.197925E+00
   4.227259E+00 -2.195803E+00
   4.241455E+00 -2.193704E+00
   4.255650E+00 -2.191626E+00
   4.269845E+00 -2.189571E+00
   4.284041E+00 -2.187537E+00
   4.312432E+00 -2.183533E+00
   4.326627E+00 -2.181563E+00
   4.340822E+00 -2.179614E+00
   4.355018E+00 -2.177685E+00
   4.369213E+00 -2.175776E+00
   4.383408E+00 -2.173888E+00
   4.397604E+00 -2.172020E+00
   4.415495E+00 -2.169693E+00
   4.433387E+00 -2.167398E+00
   4.451278E+00 -2.165133E+00
   4.460224E+00 -2.164012E+00
   4.469170E+00 -2.162898E+00
   4.487061E+00 -2.160693E+00
   4.504953E+00 -2.158518E+00
   4.522845E+00 -2.156372E+00
   4.540736E+00 -2.154254E+00
   4.558628E+00 -2.152165E+00
   4.576519E+00 -2.150103E+00
   4.594411E+00 -2.148070E+00
   4.612303E+00 -2.146064E+00
   4.630194E+00 -2.144084E+00
   4.648086E+00 -2.142131E+00
   4.665977E+00 -2.140205E+00
   4.674923E+00 -2.139251E+00
   4.683869E+00 -2.138304E+00
   4.701760E+00 -2.136429E+00
   4.719652E+00 -2.134579E+00
   4.737544E+00 -2.132754E+00
   4.755435E+00 -2.130954E+00
   4.773327E+00 -2.129178E+00
   4.791218E+00 -2.127426E+00
   4.809110E+00 -2.125698E+00
   4.827001E+00 -2.123993E+00
   4.844893E+00 -2.122311E+00
   4.862785E+00 -2.120652E+00
   4.880676E+00 -2.119015E+00
   4.889622E+00 -2.118205E+00
   4.898568E+00 -2.117400E+00
   4.916459E+00 -2.115808E+00
   4.934351E+00 -2.114237E+00
   4.952242E+00 -2.112687E+00
   4.970134E+00 -2.111158E+00
   4.988026E+00 -2.109650E+00
   5.005917E+00 -2.108163E+00
   5.023809E+00 -2.106696E+00
   5.041700E+00 -2.105249E+00
   5.059592E+00 -2.103821E+00
   5.077484E+00 -2.102413E+00
   5.095375E+00 -2.101024E+00
   5.113267E+00 -2.099654E+00
   5.131158E+00 -2.098303E+00
   5.149050E+00 -2.096971E+00
   5.166941E+00 -2.095656E+00
   5.175887E+00 -2.095005E+00
   5.184833E+00 -2.094359E+00
   5.202725E+00 -2.093081E+00
   5.220616E+00 -2.091819E+00
   5.238508E+00 -2.090575E+00
   5.256399E+00 -2.089348E+00
   5.274291E+00 -2.088138E+00
   5.292182E+00 -2.086944E+00
   5.327966E+00 -2.084606E+00
   5.345857E+00 -2.083461E+00
   5.363749E+00 -2.082332E+00
   5.381640E+00 -2.081218E+00
   5.399532E+00 -2.080119E+00
   5.417423E+00 -2.079036E+00
   5.435315E+00 -2.077967E+00
   5.453207E+00 -2.076913E+00
   5.471098E+00 -2.075874E+00
   5.488990E+00 -2.074849E+00
   5.506881E+00 -2.073838E+00
   5.524773E+00 -2.072841E+00
   5.542665E+00 -2.071858E+00
   5.565215E+00 -2.070638E+00
   5.576490E+00 -2.070036E+00
   5.587765E+00 -2.069439E+00
   5.610315E+00 -2.068262E+00
   5.632865E+00 -2.067104E+00
   5.655416E+00 -2.065967E+00
   5.677966E+00 -2.064850E+00
   5.700516E+00 -2.063752E+00
   5.723066E+00 -2.062673E+00
   5.745617E+00 -2.061613E+00
   5.768167E+00 -2.060571E+00
   5.790717E+00 -2.059548E+00
   5.813267E+00 -2.058542E+00
   5.835818E+00 -2.057554E+00
   5.858368E+00 -2.056584E+00
   5.880918E+00 -2.055630E+00
   5.892193E+00 -2.055159E+00
   5.903468E+00 -2.054693E+00
   5.926019E+00 -2.053772E+00
   5.948569E+00 -2.052868E+00
   5.971119E+00 -2.051979E+00
   5.993669E+00 -2.051106E+00
   6.016220E+00 -2.050248E+00
   6.038770E+00 -2.049405E+00
   6.061320E+00 -2.048577E+00
   6.083870E+00 -2.047763E+00
   6.106420E+00 -2.046964E+00
   6.128971E+00 -2.046178E+00
   6.151521E+00 -2.045407E+00
   6.174071E+00 -2.044649E+00
   6.196621E+00 -2.043904E+00
   6.207897E+00 -2.043536E+00
   6.219172E+00 -2.043172E+00
   6.241722E+00 -2.042453E+00
   6.264272E+00 -2.041747E+00
   6.286822E+00 -2.041053E+00
   6.309373E+00 -2.040372E+00
   6.331923E+00 -2.039702E+00
   6.354473E+00 -2.039044E+00
   6.377023E+00 -2.038397E+00
   6.399574E+00 -2.037762E+00
   6.422124E+00 -2.037139E+00
   6.444674E+00 -2.036526E+00
   6.467224E+00 -2.035924E+00
   6.489775E+00 -2.035332E+00
   6.512325E+00 -2.034751E+00
   6.534875E+00 -2.034180E+00
   6.579975E+00 -2.033068E+00
   6.602526E+00 -2.032527E+00
   6.625076E+00 -2.031995E+00
   6.647626E+00 -2.031472E+00
   6.670176E+00 -2.030959E+00
   6.692727E+00 -2.030455E+00
   6.715277E+00 -2.029959E+00
   6.737827E+00 -2.029472E+00
   6.760377E+00 -2.028994E+00
   6.782928E+00 -2.028525E+00
   6.805478E+00 -2.028063E+00
   6.828028E+00 -2.027610E+00
   6.850578E+00 -2.027164E+00
   6.873129E+00 -2.026727E+00
   6.895679E+00 -2.026297E+00
   6.918229E+00 -2.025874E+00
   6.940779E+00 -2.025459E+00
   6.985880E+00 -2.024651E+00
   7.014302E+00 -2.024156E+00
   7.042724E+00 -2.023672E+00
   7.071146E+00 -2.023199E+00
   7.085357E+00 -2.022967E+00
   7.099567E+00 -2.022736E+00
   7.127989E+00 -2.022284E+00
   7.156411E+00 -2.021841E+00
   7.184833E+00 -2.021408E+00
   7.213255E+00 -2.020985E+00
   7.241677E+00 -2.020571E+00
   7.270099E+00 -2.020166E+00
   7.298521E+00 -2.019770E+00
   7.326943E+00 -2.019383E+00
   7.355365E+00 -2.019004E+00
   7.383787E+00 -2.018634E+00
   7.412209E+00 -2.018271E+00
   7.440631E+00 -2.017917E+00
   7.469053E+00 -2.017570E+00
   7.497475E+00 -2.017231E+00
   7.554318E+00 -2.016575E+00
   7.582740E+00 -2.016258E+00
   7.611162E+00 -2.015948E+00
   7.639584E+00 -2.015644E+00
   7.668006E+00 -2.015347E+00
   7.724850E+00 -2.014773E+00
   7.753272E+00 -2.014495E+00
   7.781694E+00 -2.014223E+00
   7.810116E+00 -2.013957E+00
   7.838538E+00 -2.013697E+00
   7.895382E+00 -2.013193E+00
   7.923804E+00 -2.012950E+00
   7.952226E+00 -2.012711E+00
   7.980647E+00 -2.012478E+00
   8.009069E+00 -2.012250E+00
   8.065913E+00 -2.011808E+00
   8.094335E+00 -2.011595E+00
   8.122757E+00 -2.011386E+00
   8.151179E+00 -2.011181E+00
   8.179601E+00 -2.010981E+00
   8.236445E+00 -2.010593E+00
   8.264867E+00 -2.010405E+00
   8.293289E+00 -2.010222E+00
   8.321711E+00 -2.010042E+00
   8.350133E+00 -2.009866E+00
   8.406976E+00 -2.009526E+00
   8.435398E+00 -2.009361E+00
   8.463820E+00 -2.009199E+00
   8.492242E+00 -2.009041E+00
   8.520664E+00 -2.008887E+00
   8.577508E+00 -2.008587E+00
   8.605930E+00 -2.008442E+00
   8.634352E+00 -2.008300E+00
   8.662774E+00 -2.008161E+00
   8.691196E+00 -2.008025E+00
   8.719618E+00 -2.007891E+00
   8.748040E+00 -2.007761E+00
   8.776462E+00 -2.007633E+00
   8.804884E+00 -2.007508E+00
   8.840706E+00 -2.007354E+00
   8.876529E+00 -2.007204E+00
   8.912351E+00 -2.007058E+00
   8.948174E+00 -2.006915E+00
   8.983996E+00 -2.006777E+00
   9.019819E+00 -2.006642E+00
   9.055641E+00 -2.006510E+00
   9.091464E+00 -2.006382E+00
   9.127286E+00 -2.006257E+00
   9.163109E+00 -2.006135E+00
   9.198931E+00 -2.006016E+00
   9.234754E+00 -2.005901E+00
   9.270576E+00 -2.005788E+00
   9.306399E+00 -2.005678E+00
   9.342221E+00 -2.005571E+00
   9.378044E+00 -2.005467E+00
   9.413866E+00 -2.005365E+00
   9.449689E+00 -2.005266E+00
   9.485511E+00 -2.005169E+00
   9.521334E+00 -2.005074E+00
   9.557157E+00 -2.004982E+00
   9.592979E+00 -2.004893E+00
   9.628802E+00 -2.004805E+00
   9.664624E+00 -2.004720E+00
   9.700447E+00 -2.004636E+00
   9.736269E+00 -2.004555E+00
   9.772092E+00 -2.004476E+00
   9.807914E+00 -2.004398E+00
   9.843737E+00 -2.004322E+00
   9.879559E+00 -2.004249E+00
   9.915382E+00 -2.004177E+00
   9.951204E+00 -2.004106E+00
   9.987027E+00 -2.004038E+00
   1.002285E+01 -2.003971E+00
   1.005867E+01 -2.003905E+00
   1.009449E+01 -2.003841E+00
   1.013032E+01 -2.003779E+00
   1.016614E+01 -2.003718E+00
   1.023778E+01 -2.003600E+00
   1.030943E+01 -2.003488E+00
   1.038107E+01 -2.003381E+00
   1.045272E+01 -2.003278E+00
   1.052436E+01 -2.003180E+00
   1.059601E+01 -2.003086E+00
   1.066765E+01 -2.002997E+00
   1.073930E+01 -2.002911E+00
   1.081094E+01 -2.002829E+00
   1.088259E+01 -2.002750E+00
   1.095423E+01 -2.002675E+00
   1.102588E+01 -2.002602E+00
   1.109752E+01 -2.002533E+00
   1.114268E+01 -2.002491E+00
   1.118783E+01 -2.002450E+00
   1.123298E+01 -2.002409E+00
   1.127813E+01 -2.002370E+00
   1.136843E+01 -2.002295E+00
   1.145873E+01 -2.002223E+00
   1.154903E+01 -2.002155E+00
   1.163933E+01 -2.002090E+00
   1.172963E+01 -2.002028E+00
   1.181993E+01 -2.001969E+00
   1.191023E+01 -2.001913E+00
   1.200053E+01 -2.001859E+00
   1.209083E+01 -2.001807E+00
   1.218113E+01 -2.001758E+00
   1.227143E+01 -2.001711E+00
   1.236173E+01 -2.001665E+00
   1.245203E+01 -2.001622E+00
   1.254233E+01 -2.001580E+00
   1.263263E+01 -2.001540E+00
   1.272293E+01 -2.001502E+00
   1.281323E+01 -2.001465E+00
   1.290353E+01 -2.001429E+00
   1.299383E+01 -2.001395E+00
   1.308413E+01 -2.001362E+00
   1.317443E+01 -2.001331E+00
   1.326473E+01 -2.001300E+00
   1.335503E+01 -2.001270E+00
   1.344533E+01 -2.001242E+00
   1.353563E+01 -2.001214E+00
   1.362593E+01 -2.001188E+00
   1.371623E+01 -2.001162E+00
   1.380653E+01 -2.001137E+00
   1.389683E+01 -2.001113E+00
   1.398713E+01 -2.001090E+00
   1.410094E+01 -2.001062E+00
   1.421476E+01 -2.001034E+00
   1.432857E+01 -2.001008E+00
   1.444238E+01 -2.000983E+00
   1.455620E+01 -2.000959E+00
   1.467001E+01 -2.000935E+00
   1.478382E+01 -2.000913E+00
   1.489763E+01 -2.000891E+00
   1.501145E+01 -2.000870E+00
   1.512526E+01 -2.000850E+00
   1.523907E+01 -2.000830E+00
   1.535288E+01 -2.000811E+00
   1.546670E+01 -2.000792E+00
   1.558051E+01 -2.000775E+00
   1.569432E+01 -2.000757E+00
   1.580814E+01 -2.000741E+00
   1.603576E+01 -2.000709E+00
   1.626339E+01 -2.000679E+00
   1.649101E+01 -2.000651E+00
   1.671864E+01 -2.000624E+00
   1.694626E+01 -2.000599E+00
   1.717389E+01 -2.000575E+00
   1.740152E+01 -2.000553E+00
   1.762914E+01 -2.000531E+00
   1.791604E+01 -2.000506E+00
   1.820293E+01 -2.000482E+00
   1.848983E+01 -2.000460E+00
   1.877672E+01 -2.000439E+00
   1.906362E+01 -2.000420E+00
   1.935051E+01 -2.000401E+00
   1.963741E+01 -2.000384E+00
   1.992430E+01 -2.000368E+00
   2.021120E+01 -2.000352E+00
   2.049810E+01 -2.000338E+00
   2.078499E+01 -2.000324E+00
   2.107189E+01 -2.000311E+00
   2.135878E+01 -2.000298E+00
   2.164568E+01 -2.000287E+00
   2.193257E+01 -2.000276E+00
   2.221947E+01 -2.000265E+00
   2.258107E+01 -2.000252E+00
   2.294266E+01 -2.000241E+00
   2.330426E+01 -2.000230E+00
   2.366586E+01 -2.000219E+00
   2.402746E+01 -2.000210E+00
   2.438906E+01 -2.000200E+00
   2.475066E+01 -2.000192E+00
   2.511225E+01 -2.000184E+00
   2.547385E+01 -2.000176E+00
   2.583545E+01 -2.000169E+00
   2.619705E+01 -2.000162E+00
   2.655865E+01 -2.000155E+00
   2.692024E+01 -2.000149E+00
   2.728184E+01 -2.000143E+00
   2.764344E+01 -2.000138E+00
   2.800504E+01 -2.000132E+00
   2.846079E+01 -2.000126E+00
   2.891654E+01 -2.000120E+00
   2.937230E+01 -2.000115E+00
   2.982805E+01 -2.000110E+00
   3.028380E+01 -2.000105E+00
   3.073955E+01 -2.000100E+00
   3.119530E+01 -2.000096E+00
   3.165106E+01 -2.000092E+00
   3.256256E+01 -2.000084E+00
   3.347406E+01 -2.000077E+00
   3.438557E+01 -2.000071E+00
   3.529707E+01 -2.000066E+00
   3.587150E+01 -2.000063E+00
   3.644592E+01 -2.000060E+00
   3.702034E+01 -2.000057E+00
   3.759476E+01 -2.000055E+00
   3.874361E+01 -2.000050E+00
   3.989245E+01 -2.000046E+00
   4.104130E+01 -2.000042E+00
   4.219014E+01 -2.000039E+00
   4.333898E+01 -2.000036E+00
   4.448783E+01 -2.000033E+00
   4.593581E+01 -2.000030E+00
   4.738380E+01 -2.000027E+00
   4.883178E+01 -2.000025E+00
   5.027976E+01 -2.000023E+00
   5.172775E+01 -2.000021E+00
   5.317573E+01 -2.000019E+00
   5.462372E+01 -2.000018E+00
   5.607170E+01 -2.000016E+00
   5.789671E+01 -2.000015E+00
   5.972173E+01 -2.000014E+00
   6.154674E+01 -2.000012E+00
   6.337176E+01 -2.000011E+00
   6.519677E+01 -2.000010E+00
   6.702178E+01 -2.000010E+00
   6.884680E+01 -2.000009E+00
   7.067181E+01 -2.000008E+00
   7.297203E+01 -2.000007E+00
   7.527225E+01 -2.000007E+00
   7.757246E+01 -2.000006E+00
   7.987268E+01 -2.000006E+00
   8.447311E+01 -2.000005E+00
   8.907355E+01 -2.000004E+00
   9.487185E+01 -2.000003E+00
   1.006702E+02 -2.000003E+00
   1.064685E+02 -2.000002E+00
   1.122668E+02 -2.000002E+00
   1.195749E+02 -2.000002E+00
   1.268830E+02 -2.000001E+00
   1.341910E+02 -2.000001E+00
   1.414991E+02 -2.000001E+00
   1.507101E+02 -2.000001E+00
   1.599211E+02 -2.000001E+00
   1.691321E+02 -2.000001E+00
   1.783431E+02 -2.000001E+00
   1.899525E+02 -2.000000E+00
   2.015618E+02 -2.000000E+00
   2.131712E+02 -2.000000E+00
   2.247806E+02 -2.000000E+00
   2.540451E+02 -2.000000E+00
   2.833096E+02 -2.000000E+00
   3.201941E+02 -2.000000E+00
   3.570786E+02 -2.000000E+00
   4.035672E+02 -2.000000E+00
   4.500558E+02 -2.000000E+00
   5.086492E+02 -2.000000E+00
   5.672426E+02 -2.000000E+00
   7.149429E+02 -2.000000E+00
   9.011018E+02 -2.000000E+00
   1.135733E+03 -2.000000E+00
   1.431459E+03 -2.000000E+00
   1.804186E+03 -2.000000E+00
   2.273966E+03 -2.000000E+00
   2.866068E+03 -2.000000E+00
   3.612343E+03 -2.000000E+00
   4.552935E+03 -2.000000E+00
   5.738442E+03 -2.000000E+00
   7.232634E+03 -2.000000E+00
   9.115888E+03 -2.000000E+00
   1.148951E+04 -2.000000E+00
   1.448118E+04 -2.000000E+00
   1.825183E+04 -2.000000E+00
   2.300430E+04 -2.000000E+00
   2.899423E+04 -2.000000E+00
   3.654383E+04 -2.000000E+00
   4.605922E+04 -2.000000E+00
   5.805226E+04 -2.000000E+00
   7.316807E+04 -2.000000E+00
   9.221979E+04 -2.000000E+00
   1.162322E+05 -2.000000E+00
   1.464971E+05 -2.000000E+00
   1.846425E+05 -2.000000E+00
   2.327202E+05 -2.000000E+00
   2.933166E+05 -2.000000E+00
   3.696913E+05 -2.000000E+00
   4.659526E+05 -2.000000E+00
   5.872787E+05 -2.000000E+00
   7.401960E+05 -2.000000E+00
   9.329304E+05 -2.000000E+00
   1.175850E+06 -2.000000E+00
   1.482021E+06 -2.000000E+00
   1.867914E+06 -2.000000E+00
   2.354286E+06 -2.000000E+00
   2.967302E+06 -2.000000E+00
   3.739937E+06 -2.000000E+00
   4.713753E+06 -2.000000E+00
   5.941134E+06 -2.000000E+00
   7.488104E+06 -2.000000E+00
   9.437878E+06 -2.000000E+00
   1.189534E+07 -2.000000E+00
   1.499268E+07 -2.000000E+00
   1.889652E+07 -2.000000E+00
   2.381686E+07 -2.000000E+00
   3.001836E+07 -2.000000E+00
   3.783463E+07 -2.000000E+00
   4.768612E+07 -2.000000E+00
   6.010277E+07 -2.000000E+00
   7.575250E+07 -2.000000E+00
   9.547716E+07 -2.000000E+00
   1.203378E+08 -2.000000E+00
   1.516717E+08 -2.000000E+00
   1.911644E+08 -2.000000E+00
   2.409404E+08 -2.000000E+00
   3.036771E+08 -2.000000E+00
   3.827494E+08 -2.000000E+00
   4.824109E+08 -2.000000E+00
   6.080224E+08 -2.000000E+00
   7.663411E+08 -2.000000E+00
   9.658832E+08 -2.000000E+00
   1.217383E+09 -2.000000E+00
   1.534368E+09 -2.000000E+00
   1.933892E+09 -2.000000E+00
   2.437444E+09 -2.000000E+00
   3.072113E+09 -2.000000E+00
   3.872039E+09 -2.000000E+00
   4.880252E+09 -2.000000E+00
   6.150986E+09 -2.000000E+00
   7.752597E+09 -2.000000E+00
   9.771242E+09 -2.000000E+00
   9.900990E+09 -2.000000E+00
   1.231551E+10 -2.000000E+00
   1.552225E+10 -2.000000E+00
   1.956398E+10 -2.000000E+00
   1.980198E+10 -2.000000E+00
   2.465811E+10 -2.000000E+00
   2.970297E+10 -2.000000E+00
   3.107866E+10 -2.000000E+00
   3.917101E+10 -2.000000E+00
   3.960396E+10 -2.000000E+00
   4.937048E+10 -2.000000E+00
   4.950495E+10 -2.000000E+00
   5.940594E+10 -2.000000E+00
   6.222571E+10 -2.000000E+00
   6.930693E+10 -2.000000E+00
   7.842822E+10 -2.000000E+00
   7.920792E+10 -2.000000E+00
   8.910891E+10 -2.000000E+00
   9.884959E+10 -2.000000E+00
   9.900990E+10 -2.000000E+00
   1.089109E+11 -2.000000E+00
   1.188119E+11 -2.000000E+00
   1.245883E+11 -2.000000E+00
   1.287129E+11 -2.000000E+00
   1.386139E+11 -2.000000E+00
   1.485149E+11 -2.000000E+00
   1.570290E+11 -2.000000E+00
   1.584158E+11 -2.000000E+00
   1.683168E+11 -2.000000E+00
   1.782178E+11 -2.000000E+00
   1.881188E+11 -2.000000E+00
   1.979167E+11 -2.000000E+00
   1.980198E+11 -2.000000E+00
   2.079208E+11 -2.000000E+00
   2.178218E+11 -2.000000E+00
   2.277228E+11 -2.000000E+00
   2.376238E+11 -2.000000E+00
   2.475248E+11 -2.000000E+00
   2.494508E+11 -2.000000E+00
   2.574257E+11 -2.000000E+00
   2.673267E+11 -2.000000E+00
   2.772277E+11 -2.000000E+00
   2.871287E+11 -2.000000E+00
   2.970297E+11 -2.000000E+00
   3.069307E+11 -2.000000E+00
   3.144035E+11 -2.000000E+00
   3.168317E+11 -2.000000E+00
   3.267327E+11 -2.000000E+00
   3.366337E+11 -2.000000E+00
   3.465347E+11 -2.000000E+00
   3.564356E+11 -2.000000E+00
   3.663366E+11 -2.000000E+00
   3.762376E+11 -2.000000E+00
   3.861386E+11 -2.000000E+00
   3.960396E+11 -2.000000E+00
   3.962689E+11 -2.000000E+00
   4.059406E+11 -2.000000E+00
   4.158416E+11 -2.000000E+00
   4.257426E+11 -2.000000E+00
   4.356436E+11 -2.000000E+00
   4.455446E+11 -2.000000E+00
   4.554455E+11 -2.000000E+00
   4.653465E+11 -2.000000E+00
   4.752475E+11 -2.000000E+00
   4.851485E+11 -2.000000E+00
   4.950495E+11 -2.000000E+00
   4.994505E+11 -2.000000E+00
   5.049505E+11 -2.000000E+00
   5.148515E+11 -2.000000E+00
   5.247525E+11 -2.000000E+00
   5.346535E+11 -2.000000E+00
   5.445545E+11 -2.000000E+00
   5.544554E+11 -2.000000E+00
   5.643564E+11 -2.000000E+00
   5.742574E+11 -2.000000E+00
   5.841584E+11 -2.000000E+00
   5.940594E+11 -2.000000E+00
   6.039604E+11 -2.000000E+00
   6.138614E+11 -2.000000E+00
   6.237624E+11 -2.000000E+00
   6.294989E+11 -2.000000E+00
   6.336634E+11 -2.000000E+00
   6.435644E+11 -2.000000E+00
   6.534653E+11 -2.000000E+00
   6.633663E+11 -2.000000E+00
   6.732673E+11 -2.000000E+00
   6.831683E+11 -2.000000E+00
   6.930693E+11 -2.000000E+00
   7.029703E+11 -2.000000E+00
   7.128713E+11 -2.000000E+00
   7.227723E+11 -2.000000E+00
   7.326733E+11 -2.000000E+00
   7.425743E+11 -2.000000E+00
   7.524752E+11 -2.000000E+00
   7.623762E+11 -2.000000E+00
   7.722772E+11 -2.000000E+00
   7.821782E+11 -2.000000E+00
   7.920792E+11 -2.000000E+00
   7.934097E+11 -2.000000E+00
   8.019802E+11 -2.000000E+00
   8.118812E+11 -2.000000E+00
   8.217822E+11 -2.000000E+00
   8.316832E+11 -2.000000E+00
   8.415842E+11 -2.000000E+00
   8.514851E+11 -2.000000E+00
   8.613861E+11 -2.000000E+00
   8.712871E+11 -2.000000E+00
   8.811881E+11 -2.000000E+00
   8.910891E+11 -2.000000E+00
   9.009901E+11 -2.000000E+00
   9.108911E+11 -2.000000E+00
   9.207921E+11 -2.000000E+00
   9.306931E+11 -2.000000E+00
   9.405941E+11 -2.000000E+00
   9.504950E+11 -2.000000E+00
   9.603960E+11 -2.000000E+00
   9.702970E+11 -2.000000E+00
   9.801980E+11 -2.000000E+00
   9.900990E+11 -2.000000E+00
   9.920792E+11 -2.000000E+00
   9.940594E+11 -2.000000E+00
   9.960396E+11 -2.000000E+00
   9.980198E+11 -2.000000E+00
   1.000000E+12 -2.000000E+00
