# Potential function.
#  r             r*V(r)
   0.000000E+00 -4.090650E+01
   1.000000E-08 -4.090650E+01
   1.260383E-08 -4.090650E+01
   1.588565E-08 -4.090650E+01
   2.002200E-08 -4.090650E+01
   2.523539E-08 -4.090650E+01
   3.180626E-08 -4.090650E+01
   4.008806E-08 -4.090650E+01
   5.052631E-08 -4.090649E+01
   6.368250E-08 -4.090649E+01
   8.026434E-08 -4.090649E+01
   1.011638E-07 -4.090649E+01
   1.275051E-07 -4.090648E+01
   1.607053E-07 -4.090648E+01
   2.025502E-07 -4.090648E+01
   2.552908E-07 -4.090647E+01
   3.217642E-07 -4.090646E+01
   4.055461E-07 -4.090645E+01
   5.111433E-07 -4.090644E+01
   6.442364E-07 -4.090642E+01
   8.119845E-07 -4.090640E+01
   1.023411E-06 -4.090637E+01
   1.289890E-06 -4.090634E+01
   1.625756E-06 -4.090630E+01
   2.049075E-06 -4.090625E+01
   2.582619E-06 -4.090618E+01
   3.255089E-06 -4.090610E+01
   4.102658E-06 -4.090600E+01
   5.170920E-06 -4.090587E+01
   6.517340E-06 -4.090570E+01
   8.214344E-06 -4.090550E+01
   1.035322E-05 -4.090523E+01
   1.304902E-05 -4.090491E+01
   1.644676E-05 -4.090449E+01
   2.072922E-05 -4.090397E+01
   2.612675E-05 -4.090331E+01
   3.292971E-05 -4.090248E+01
   4.150405E-05 -4.090143E+01
   5.231099E-05 -4.090011E+01
   6.593188E-05 -4.089844E+01
   8.309942E-05 -4.089635E+01
   1.047371E-04 -4.089370E+01
   1.320088E-04 -4.089037E+01
   1.663817E-04 -4.088618E+01
   2.097046E-04 -4.088088E+01
   2.643081E-04 -4.087422E+01
   3.331295E-04 -4.086582E+01
   4.198707E-04 -4.085523E+01
   5.291979E-04 -4.084189E+01
   6.669920E-04 -4.082509E+01
   8.406653E-04 -4.080393E+01
   1.059560E-03 -4.077727E+01
   1.335452E-03 -4.074370E+01
   1.683180E-03 -4.070143E+01
   2.121452E-03 -4.064823E+01
   2.673842E-03 -4.058130E+01
   3.370064E-03 -4.049712E+01
   4.247572E-03 -4.039131E+01
   5.353567E-03 -4.025841E+01
   6.747544E-03 -4.009164E+01
   7.626017E-03 -3.998697E+01
   8.504489E-03 -3.988261E+01
   9.058095E-03 -3.981701E+01
   9.334898E-03 -3.978425E+01
   9.611701E-03 -3.975153E+01
   9.750103E-03 -3.973518E+01
   9.888504E-03 -3.971884E+01
   9.923105E-03 -3.971476E+01
   9.957705E-03 -3.971068E+01
   9.975005E-03 -3.970863E+01
   9.983655E-03 -3.970761E+01
   9.992305E-03 -3.970659E+01
   9.996630E-03 -3.970608E+01
   9.997712E-03 -3.970595E+01
   9.998793E-03 -3.970583E+01
   9.999334E-03 -3.970576E+01
   9.999401E-03 -3.970576E+01
   9.999469E-03 -3.970575E+01
   9.999536E-03 -3.970574E+01
   9.999604E-03 -3.970573E+01
   9.999671E-03 -3.970572E+01
   9.999739E-03 -3.970572E+01
   9.999807E-03 -3.970571E+01
   9.999874E-03 -3.970570E+01
   9.999942E-03 -3.970569E+01
   1.000001E-02 -3.679949E+01
   1.000008E-02 -3.679948E+01
   1.000014E-02 -3.679948E+01
   1.000021E-02 -3.679947E+01
   1.000028E-02 -3.679946E+01
   1.000035E-02 -3.679945E+01
   1.000041E-02 -3.679944E+01
   1.000048E-02 -3.679944E+01
   1.000055E-02 -3.679943E+01
   1.000062E-02 -3.679942E+01
   1.000069E-02 -3.679941E+01
   1.000096E-02 -3.679938E+01
   1.000204E-02 -3.679925E+01
   1.000312E-02 -3.679913E+01
   1.000528E-02 -3.679887E+01
   1.000961E-02 -3.679836E+01
   1.001826E-02 -3.679734E+01
   1.002691E-02 -3.679632E+01
   1.004421E-02 -3.679428E+01
   1.006151E-02 -3.679224E+01
   1.009611E-02 -3.678816E+01
   1.016531E-02 -3.678001E+01
   1.030371E-02 -3.676371E+01
   1.044211E-02 -3.674741E+01
   1.071891E-02 -3.671484E+01
   1.141667E-02 -3.663290E+01
   1.211442E-02 -3.655117E+01
   1.350994E-02 -3.638833E+01
   1.526881E-02 -3.618429E+01
   1.702769E-02 -3.598160E+01
   1.924455E-02 -3.572804E+01
   2.146141E-02 -3.547662E+01
   2.285846E-02 -3.531927E+01
   2.425550E-02 -3.516278E+01
   2.565255E-02 -3.500715E+01
   2.704960E-02 -3.485236E+01
   2.881041E-02 -3.465850E+01
   3.057122E-02 -3.446600E+01
   3.233204E-02 -3.427486E+01
   3.409285E-02 -3.408510E+01
   3.631215E-02 -3.384787E+01
   3.742180E-02 -3.373008E+01
   3.853145E-02 -3.361283E+01
   3.964110E-02 -3.349613E+01
   4.075075E-02 -3.337998E+01
   4.297005E-02 -3.314933E+01
   4.436863E-02 -3.300510E+01
   4.576721E-02 -3.286175E+01
   4.716580E-02 -3.271928E+01
   4.856438E-02 -3.257768E+01
   4.996296E-02 -3.243697E+01
   5.136155E-02 -3.229714E+01
   5.276013E-02 -3.215819E+01
   5.415871E-02 -3.202013E+01
   5.592146E-02 -3.184739E+01
   5.768421E-02 -3.167605E+01
   5.944697E-02 -3.150613E+01
   6.120972E-02 -3.133764E+01
   6.297247E-02 -3.117056E+01
   6.473522E-02 -3.100491E+01
   6.561659E-02 -3.092262E+01
   6.649797E-02 -3.084069E+01
   6.826072E-02 -3.067791E+01
   6.937159E-02 -3.057606E+01
   7.048246E-02 -3.047478E+01
   7.159333E-02 -3.037408E+01
   7.270420E-02 -3.027395E+01
   7.381507E-02 -3.017439E+01
   7.492594E-02 -3.007541E+01
   7.603681E-02 -2.997700E+01
   7.714768E-02 -2.987918E+01
   7.825855E-02 -2.978193E+01
   7.936942E-02 -2.968526E+01
   8.048029E-02 -2.958917E+01
   8.159116E-02 -2.949366E+01
   8.270203E-02 -2.939873E+01
   8.381290E-02 -2.930438E+01
   8.492377E-02 -2.921062E+01
   8.603464E-02 -2.911745E+01
   8.743477E-02 -2.900085E+01
   8.883489E-02 -2.888518E+01
   9.023501E-02 -2.877044E+01
   9.163513E-02 -2.865665E+01
   9.303525E-02 -2.854379E+01
   9.443538E-02 -2.843187E+01
   9.583550E-02 -2.832090E+01
   9.723562E-02 -2.821087E+01
   9.793568E-02 -2.815621E+01
   9.863574E-02 -2.810179E+01
   1.000359E-01 -2.799366E+01
   1.014360E-01 -2.788648E+01
   1.028361E-01 -2.778025E+01
   1.042362E-01 -2.767498E+01
   1.056364E-01 -2.757067E+01
   1.070365E-01 -2.746732E+01
   1.084366E-01 -2.736493E+01
   1.102013E-01 -2.723725E+01
   1.119660E-01 -2.711112E+01
   1.137307E-01 -2.698652E+01
   1.146130E-01 -2.692480E+01
   1.154954E-01 -2.686347E+01
   1.172600E-01 -2.674197E+01
   1.190247E-01 -2.662202E+01
   1.207894E-01 -2.650363E+01
   1.216718E-01 -2.644502E+01
   1.225541E-01 -2.638681E+01
   1.234365E-01 -2.632899E+01
   1.243188E-01 -2.627155E+01
   1.260835E-01 -2.615787E+01
   1.278482E-01 -2.604577E+01
   1.296129E-01 -2.593525E+01
   1.304952E-01 -2.588058E+01
   1.313776E-01 -2.582631E+01
   1.331423E-01 -2.571897E+01
   1.349069E-01 -2.561323E+01
   1.366716E-01 -2.550908E+01
   1.377837E-01 -2.544428E+01
   1.388958E-01 -2.538011E+01
   1.411200E-01 -2.525370E+01
   1.433442E-01 -2.512985E+01
   1.444563E-01 -2.506890E+01
   1.455684E-01 -2.500859E+01
   1.466805E-01 -2.494893E+01
   1.477926E-01 -2.488991E+01
   1.500167E-01 -2.477384E+01
   1.511288E-01 -2.471678E+01
   1.522409E-01 -2.466037E+01
   1.533530E-01 -2.460462E+01
   1.544651E-01 -2.454952E+01
   1.555772E-01 -2.449508E+01
   1.566893E-01 -2.444130E+01
   1.578014E-01 -2.438818E+01
   1.589135E-01 -2.433571E+01
   1.611377E-01 -2.423277E+01
   1.633619E-01 -2.413249E+01
   1.644739E-01 -2.408334E+01
   1.655860E-01 -2.403486E+01
   1.666981E-01 -2.398706E+01
   1.678102E-01 -2.393992E+01
   1.722586E-01 -2.375808E+01
   1.736603E-01 -2.370302E+01
   1.750619E-01 -2.364903E+01
   1.764636E-01 -2.359612E+01
   1.778652E-01 -2.354429E+01
   1.806686E-01 -2.344388E+01
   1.834719E-01 -2.334781E+01
   1.848736E-01 -2.330141E+01
   1.862752E-01 -2.325609E+01
   1.876769E-01 -2.321188E+01
   1.890785E-01 -2.316876E+01
   1.918819E-01 -2.308581E+01
   1.925827E-01 -2.306576E+01
   1.932835E-01 -2.304599E+01
   1.939844E-01 -2.302649E+01
   1.946852E-01 -2.300727E+01
   1.960869E-01 -2.296966E+01
   1.974885E-01 -2.293315E+01
   2.002918E-01 -2.286346E+01
   2.030952E-01 -2.279823E+01
   2.058985E-01 -2.273745E+01
   2.087018E-01 -2.268114E+01
   2.115051E-01 -2.262931E+01
   2.143085E-01 -2.258198E+01
   2.171118E-01 -2.253914E+01
   2.179951E-01 -2.252658E+01
   2.188784E-01 -2.251446E+01
   2.197617E-01 -2.250279E+01
   2.206451E-01 -2.249157E+01
   2.224117E-01 -2.247047E+01
   2.241783E-01 -2.245117E+01
   2.259450E-01 -2.243366E+01
   2.277116E-01 -2.241795E+01
   2.294782E-01 -2.240404E+01
   2.312448E-01 -2.239192E+01
   2.330115E-01 -2.238159E+01
   2.347781E-01 -2.237306E+01
   2.365447E-01 -2.236633E+01
   2.383114E-01 -2.236139E+01
   2.400780E-01 -2.235825E+01
   2.418446E-01 -2.235689E+01
   2.436113E-01 -2.235733E+01
   2.453779E-01 -2.235955E+01
   2.471445E-01 -2.236355E+01
   2.489112E-01 -2.236934E+01
   2.506778E-01 -2.237691E+01
   2.524444E-01 -2.238625E+01
   2.542111E-01 -2.239736E+01
   2.559777E-01 -2.241024E+01
   2.577443E-01 -2.242488E+01
   2.595109E-01 -2.244127E+01
   2.612776E-01 -2.245941E+01
   2.630442E-01 -2.247930E+01
   2.648108E-01 -2.250092E+01
   2.665775E-01 -2.252427E+01
   2.683441E-01 -2.254935E+01
   2.701107E-01 -2.257613E+01
   2.718774E-01 -2.260462E+01
   2.736440E-01 -2.263480E+01
   2.747573E-01 -2.265469E+01
   2.758706E-01 -2.267524E+01
   2.769839E-01 -2.269646E+01
   2.780973E-01 -2.271833E+01
   2.792106E-01 -2.274087E+01
   2.803239E-01 -2.276405E+01
   2.814372E-01 -2.278789E+01
   2.825505E-01 -2.281238E+01
   2.836638E-01 -2.283751E+01
   2.847772E-01 -2.286328E+01
   2.858905E-01 -2.288969E+01
   2.870038E-01 -2.291674E+01
   2.881171E-01 -2.294441E+01
   2.892304E-01 -2.297271E+01
   2.903437E-01 -2.300163E+01
   2.914571E-01 -2.303117E+01
   2.925704E-01 -2.306133E+01
   2.936837E-01 -2.309209E+01
   2.947970E-01 -2.312346E+01
   2.959103E-01 -2.315543E+01
   2.970236E-01 -2.318799E+01
   2.981370E-01 -2.322114E+01
   2.992503E-01 -2.325488E+01
   3.003636E-01 -2.328920E+01
   3.014769E-01 -2.332410E+01
   3.025902E-01 -2.335956E+01
   3.037035E-01 -2.339559E+01
   3.048168E-01 -2.343217E+01
   3.070435E-01 -2.350699E+01
   3.081568E-01 -2.354522E+01
   3.092701E-01 -2.358398E+01
   3.103834E-01 -2.362326E+01
   3.114967E-01 -2.366307E+01
   3.137234E-01 -2.374422E+01
   3.148367E-01 -2.378555E+01
   3.159500E-01 -2.382738E+01
   3.170633E-01 -2.386968E+01
   3.181766E-01 -2.391247E+01
   3.192900E-01 -2.395573E+01
   3.204033E-01 -2.399945E+01
   3.215166E-01 -2.404363E+01
   3.226299E-01 -2.408826E+01
   3.237432E-01 -2.413332E+01
   3.248565E-01 -2.417881E+01
   3.259699E-01 -2.422473E+01
   3.270832E-01 -2.427106E+01
   3.276398E-01 -2.429438E+01
   3.281965E-01 -2.431779E+01
   3.293098E-01 -2.436492E+01
   3.304231E-01 -2.441244E+01
   3.315364E-01 -2.446033E+01
   3.326497E-01 -2.450859E+01
   3.337631E-01 -2.455721E+01
   3.348764E-01 -2.460617E+01
   3.359897E-01 -2.465547E+01
   3.371030E-01 -2.470510E+01
   3.382163E-01 -2.475505E+01
   3.393296E-01 -2.480530E+01
   3.404430E-01 -2.485585E+01
   3.409996E-01 -2.488123E+01
   3.415563E-01 -2.490668E+01
   3.426696E-01 -2.495778E+01
   3.437829E-01 -2.500915E+01
   3.448962E-01 -2.506077E+01
   3.462994E-01 -2.512617E+01
   3.477026E-01 -2.519192E+01
   3.491058E-01 -2.525801E+01
   3.505090E-01 -2.532441E+01
   3.519122E-01 -2.539109E+01
   3.533155E-01 -2.545802E+01
   3.540171E-01 -2.549158E+01
   3.547187E-01 -2.552519E+01
   3.561219E-01 -2.559256E+01
   3.575251E-01 -2.566012E+01
   3.589283E-01 -2.572782E+01
   3.603315E-01 -2.579565E+01
   3.617347E-01 -2.586358E+01
   3.624363E-01 -2.589757E+01
   3.631379E-01 -2.593158E+01
   3.645411E-01 -2.599961E+01
   3.659443E-01 -2.606766E+01
   3.673475E-01 -2.613569E+01
   3.687507E-01 -2.620367E+01
   3.701539E-01 -2.627158E+01
   3.715571E-01 -2.633937E+01
   3.729603E-01 -2.640703E+01
   3.743635E-01 -2.647452E+01
   3.757667E-01 -2.654180E+01
   3.764683E-01 -2.657536E+01
   3.771699E-01 -2.660885E+01
   3.785731E-01 -2.667564E+01
   3.799763E-01 -2.674213E+01
   3.813795E-01 -2.680828E+01
   3.827827E-01 -2.687408E+01
   3.841860E-01 -2.693947E+01
   3.855892E-01 -2.700444E+01
   3.869924E-01 -2.706894E+01
   3.883956E-01 -2.713294E+01
   3.897988E-01 -2.719641E+01
   3.912020E-01 -2.725932E+01
   3.926052E-01 -2.732162E+01
   3.940084E-01 -2.738329E+01
   3.954116E-01 -2.744429E+01
   3.968148E-01 -2.750458E+01
   3.982180E-01 -2.756413E+01
   3.996212E-01 -2.762291E+01
   4.010244E-01 -2.768087E+01
   4.038308E-01 -2.779423E+01
   4.066372E-01 -2.790393E+01
   4.080404E-01 -2.795731E+01
   4.094436E-01 -2.800968E+01
   4.108468E-01 -2.806099E+01
   4.122500E-01 -2.811120E+01
   4.136532E-01 -2.816029E+01
   4.150565E-01 -2.820822E+01
   4.164597E-01 -2.825496E+01
   4.178629E-01 -2.830047E+01
   4.192661E-01 -2.834471E+01
   4.206693E-01 -2.838766E+01
   4.220725E-01 -2.842928E+01
   4.234757E-01 -2.846954E+01
   4.248789E-01 -2.850840E+01
   4.262821E-01 -2.854584E+01
   4.276853E-01 -2.858182E+01
   4.290885E-01 -2.861631E+01
   4.304917E-01 -2.864928E+01
   4.318949E-01 -2.868070E+01
   4.332981E-01 -2.871053E+01
   4.347013E-01 -2.873876E+01
   4.355856E-01 -2.875571E+01
   4.364699E-01 -2.877200E+01
   4.373542E-01 -2.878763E+01
   4.382385E-01 -2.880259E+01
   4.391228E-01 -2.881686E+01
   4.400070E-01 -2.883046E+01
   4.408913E-01 -2.884336E+01
   4.417756E-01 -2.885557E+01
   4.426599E-01 -2.886707E+01
   4.435442E-01 -2.887786E+01
   4.444285E-01 -2.888793E+01
   4.453128E-01 -2.889729E+01
   4.461971E-01 -2.890592E+01
   4.470813E-01 -2.891381E+01
   4.479656E-01 -2.892096E+01
   4.488499E-01 -2.892738E+01
   4.497342E-01 -2.893304E+01
   4.506185E-01 -2.893795E+01
   4.515028E-01 -2.894209E+01
   4.523871E-01 -2.894548E+01
   4.532714E-01 -2.894810E+01
   4.541556E-01 -2.894994E+01
   4.550399E-01 -2.895101E+01
   4.559242E-01 -2.895129E+01
   4.568085E-01 -2.895080E+01
   4.576928E-01 -2.894951E+01
   4.585771E-01 -2.894743E+01
   4.594614E-01 -2.894455E+01
   4.603457E-01 -2.894087E+01
   4.612299E-01 -2.893640E+01
   4.621142E-01 -2.893111E+01
   4.629985E-01 -2.892502E+01
   4.647671E-01 -2.891040E+01
   4.656514E-01 -2.890187E+01
   4.665357E-01 -2.889252E+01
   4.674200E-01 -2.888235E+01
   4.683042E-01 -2.887136E+01
   4.700728E-01 -2.884692E+01
   4.709571E-01 -2.883346E+01
   4.718414E-01 -2.881917E+01
   4.727257E-01 -2.880406E+01
   4.736100E-01 -2.878812E+01
   4.744943E-01 -2.877135E+01
   4.753785E-01 -2.875376E+01
   4.762628E-01 -2.873534E+01
   4.771471E-01 -2.871609E+01
   4.780314E-01 -2.869602E+01
   4.789157E-01 -2.867512E+01
   4.806843E-01 -2.863084E+01
   4.815686E-01 -2.860747E+01
   4.824528E-01 -2.858328E+01
   4.833371E-01 -2.855827E+01
   4.842214E-01 -2.853244E+01
   4.851057E-01 -2.850579E+01
   4.859900E-01 -2.847833E+01
   4.868743E-01 -2.845007E+01
   4.877586E-01 -2.842099E+01
   4.886429E-01 -2.839111E+01
   4.895271E-01 -2.836043E+01
   4.904114E-01 -2.832895E+01
   4.912957E-01 -2.829667E+01
   4.921800E-01 -2.826361E+01
   4.930643E-01 -2.822975E+01
   4.939486E-01 -2.819511E+01
   4.948329E-01 -2.815970E+01
   4.957172E-01 -2.812351E+01
   4.966014E-01 -2.808655E+01
   4.974857E-01 -2.804882E+01
   4.983700E-01 -2.801034E+01
   5.001386E-01 -2.793111E+01
   5.010229E-01 -2.789038E+01
   5.019072E-01 -2.784892E+01
   5.027915E-01 -2.780672E+01
   5.036757E-01 -2.776379E+01
   5.045600E-01 -2.772015E+01
   5.054443E-01 -2.767579E+01
   5.063286E-01 -2.763073E+01
   5.072129E-01 -2.758497E+01
   5.080972E-01 -2.753852E+01
   5.089815E-01 -2.749138E+01
   5.098658E-01 -2.744357E+01
   5.107500E-01 -2.739509E+01
   5.116343E-01 -2.734594E+01
   5.125186E-01 -2.729614E+01
   5.134029E-01 -2.724570E+01
   5.142872E-01 -2.719462E+01
   5.151715E-01 -2.714290E+01
   5.160558E-01 -2.709057E+01
   5.169401E-01 -2.703762E+01
   5.178243E-01 -2.698407E+01
   5.187086E-01 -2.692992E+01
   5.195929E-01 -2.687519E+01
   5.204772E-01 -2.681987E+01
   5.213615E-01 -2.676399E+01
   5.222458E-01 -2.670755E+01
   5.231301E-01 -2.665056E+01
   5.240144E-01 -2.659304E+01
   5.248986E-01 -2.653497E+01
   5.257829E-01 -2.647639E+01
   5.266672E-01 -2.641730E+01
   5.275515E-01 -2.635770E+01
   5.284358E-01 -2.629762E+01
   5.293201E-01 -2.623705E+01
   5.302044E-01 -2.617601E+01
   5.310887E-01 -2.611450E+01
   5.319729E-01 -2.605255E+01
   5.328572E-01 -2.599015E+01
   5.337415E-01 -2.592732E+01
   5.355101E-01 -2.580042E+01
   5.372787E-01 -2.567191E+01
   5.390472E-01 -2.554188E+01
   5.408158E-01 -2.541043E+01
   5.425844E-01 -2.527762E+01
   5.443530E-01 -2.514355E+01
   5.452373E-01 -2.507606E+01
   5.461215E-01 -2.500829E+01
   5.470058E-01 -2.494025E+01
   5.478901E-01 -2.487194E+01
   5.490047E-01 -2.478549E+01
   5.501192E-01 -2.469866E+01
   5.512337E-01 -2.461146E+01
   5.523483E-01 -2.452393E+01
   5.534628E-01 -2.443607E+01
   5.545774E-01 -2.434792E+01
   5.556919E-01 -2.425948E+01
   5.568064E-01 -2.417079E+01
   5.579210E-01 -2.408186E+01
   5.590355E-01 -2.399271E+01
   5.601501E-01 -2.390336E+01
   5.612646E-01 -2.381382E+01
   5.623791E-01 -2.372413E+01
   5.634937E-01 -2.363429E+01
   5.646082E-01 -2.354433E+01
   5.657228E-01 -2.345427E+01
   5.668373E-01 -2.336411E+01
   5.679519E-01 -2.327389E+01
   5.690664E-01 -2.318362E+01
   5.701809E-01 -2.309331E+01
   5.712955E-01 -2.300298E+01
   5.724100E-01 -2.291265E+01
   5.735246E-01 -2.282234E+01
   5.746391E-01 -2.273205E+01
   5.757536E-01 -2.264182E+01
   5.763109E-01 -2.259672E+01
   5.768682E-01 -2.255165E+01
   5.779827E-01 -2.246155E+01
   5.790973E-01 -2.237155E+01
   5.802118E-01 -2.228166E+01
   5.813263E-01 -2.219188E+01
   5.824409E-01 -2.210225E+01
   5.835554E-01 -2.201276E+01
   5.846700E-01 -2.192343E+01
   5.857845E-01 -2.183428E+01
   5.868990E-01 -2.174531E+01
   5.880136E-01 -2.165654E+01
   5.891281E-01 -2.156798E+01
   5.902427E-01 -2.147965E+01
   5.913572E-01 -2.139154E+01
   5.924718E-01 -2.130368E+01
   5.935863E-01 -2.121607E+01
   5.947008E-01 -2.112873E+01
   5.958154E-01 -2.104166E+01
   5.963726E-01 -2.099823E+01
   5.969299E-01 -2.095487E+01
   5.980445E-01 -2.086837E+01
   5.991590E-01 -2.078217E+01
   6.002735E-01 -2.069628E+01
   6.013881E-01 -2.061070E+01
   6.025026E-01 -2.052545E+01
   6.030599E-01 -2.048294E+01
   6.036172E-01 -2.044052E+01
   6.047317E-01 -2.035593E+01
   6.058462E-01 -2.027169E+01
   6.069608E-01 -2.018779E+01
   6.080753E-01 -2.010425E+01
   6.091899E-01 -2.002107E+01
   6.103044E-01 -1.993825E+01
   6.114189E-01 -1.985580E+01
   6.125335E-01 -1.977373E+01
   6.136480E-01 -1.969204E+01
   6.147626E-01 -1.961073E+01
   6.158771E-01 -1.952981E+01
   6.169917E-01 -1.944928E+01
   6.181062E-01 -1.936915E+01
   6.192207E-01 -1.928941E+01
   6.203353E-01 -1.921007E+01
   6.214498E-01 -1.913113E+01
   6.225644E-01 -1.905260E+01
   6.231216E-01 -1.901348E+01
   6.236789E-01 -1.897447E+01
   6.247934E-01 -1.889675E+01
   6.259080E-01 -1.881945E+01
   6.270225E-01 -1.874255E+01
   6.281371E-01 -1.866606E+01
   6.292516E-01 -1.858999E+01
   6.303661E-01 -1.851433E+01
   6.314807E-01 -1.843909E+01
   6.325952E-01 -1.836426E+01
   6.337098E-01 -1.828985E+01
   6.348243E-01 -1.821585E+01
   6.359388E-01 -1.814227E+01
   6.370534E-01 -1.806910E+01
   6.381679E-01 -1.799635E+01
   6.392825E-01 -1.792401E+01
   6.403970E-01 -1.785209E+01
   6.415116E-01 -1.778057E+01
   6.426261E-01 -1.770948E+01
   6.437406E-01 -1.763879E+01
   6.448552E-01 -1.756851E+01
   6.459697E-01 -1.749864E+01
   6.470843E-01 -1.742918E+01
   6.481988E-01 -1.736012E+01
   6.493133E-01 -1.729147E+01
   6.504279E-01 -1.722322E+01
   6.515424E-01 -1.715537E+01
   6.526570E-01 -1.708793E+01
   6.537715E-01 -1.702088E+01
   6.548860E-01 -1.695423E+01
   6.571151E-01 -1.682210E+01
   6.582297E-01 -1.675663E+01
   6.593442E-01 -1.669154E+01
   6.604587E-01 -1.662684E+01
   6.615733E-01 -1.656252E+01
   6.638024E-01 -1.643503E+01
   6.660315E-01 -1.630905E+01
   6.682605E-01 -1.618457E+01
   6.704896E-01 -1.606156E+01
   6.727187E-01 -1.594000E+01
   6.771769E-01 -1.570118E+01
   6.782914E-01 -1.564235E+01
   6.794059E-01 -1.558388E+01
   6.805205E-01 -1.552574E+01
   6.816350E-01 -1.546795E+01
   6.827496E-01 -1.541050E+01
   6.838641E-01 -1.535339E+01
   6.860932E-01 -1.524017E+01
   6.872077E-01 -1.518406E+01
   6.883223E-01 -1.512828E+01
   6.894368E-01 -1.507282E+01
   6.905514E-01 -1.501769E+01
   6.919561E-01 -1.494866E+01
   6.933608E-01 -1.488013E+01
   6.947656E-01 -1.481211E+01
   6.961703E-01 -1.474459E+01
   6.975751E-01 -1.467755E+01
   6.989798E-01 -1.461101E+01
   7.003846E-01 -1.454495E+01
   7.017893E-01 -1.447937E+01
   7.024917E-01 -1.444676E+01
   7.031941E-01 -1.441426E+01
   7.045988E-01 -1.434963E+01
   7.060036E-01 -1.428546E+01
   7.074083E-01 -1.422175E+01
   7.088131E-01 -1.415851E+01
   7.102178E-01 -1.409571E+01
   7.116226E-01 -1.403337E+01
   7.130273E-01 -1.397148E+01
   7.144321E-01 -1.391002E+01
   7.158368E-01 -1.384900E+01
   7.172416E-01 -1.378842E+01
   7.186463E-01 -1.372827E+01
   7.200511E-01 -1.366854E+01
   7.214558E-01 -1.360924E+01
   7.228606E-01 -1.355036E+01
   7.242653E-01 -1.349189E+01
   7.256701E-01 -1.343383E+01
   7.263724E-01 -1.340495E+01
   7.270748E-01 -1.337618E+01
   7.284796E-01 -1.331893E+01
   7.298843E-01 -1.326209E+01
   7.312891E-01 -1.320564E+01
   7.326938E-01 -1.314958E+01
   7.340985E-01 -1.309392E+01
   7.355033E-01 -1.303864E+01
   7.369080E-01 -1.298375E+01
   7.383128E-01 -1.292923E+01
   7.390152E-01 -1.290212E+01
   7.397175E-01 -1.287509E+01
   7.411223E-01 -1.282133E+01
   7.425270E-01 -1.276793E+01
   7.439318E-01 -1.271491E+01
   7.453365E-01 -1.266224E+01
   7.467413E-01 -1.260994E+01
   7.481460E-01 -1.255799E+01
   7.495508E-01 -1.250640E+01
   7.509555E-01 -1.245516E+01
   7.523603E-01 -1.240427E+01
   7.537650E-01 -1.235372E+01
   7.551698E-01 -1.230352E+01
   7.565745E-01 -1.225365E+01
   7.572769E-01 -1.222884E+01
   7.579793E-01 -1.220412E+01
   7.593840E-01 -1.215493E+01
   7.607888E-01 -1.210606E+01
   7.621935E-01 -1.205753E+01
   7.635983E-01 -1.200932E+01
   7.650030E-01 -1.196143E+01
   7.664078E-01 -1.191386E+01
   7.678125E-01 -1.186661E+01
   7.692173E-01 -1.181968E+01
   7.706220E-01 -1.177305E+01
   7.720268E-01 -1.172674E+01
   7.734315E-01 -1.168073E+01
   7.748363E-01 -1.163502E+01
   7.762410E-01 -1.158962E+01
   7.776457E-01 -1.154452E+01
   7.790505E-01 -1.149971E+01
   7.797529E-01 -1.147742E+01
   7.804552E-01 -1.145520E+01
   7.818600E-01 -1.141098E+01
   7.832647E-01 -1.136705E+01
   7.846695E-01 -1.132341E+01
   7.860742E-01 -1.128005E+01
   7.874790E-01 -1.123697E+01
   7.888837E-01 -1.119417E+01
   7.902885E-01 -1.115166E+01
   7.916932E-01 -1.110941E+01
   7.930980E-01 -1.106744E+01
   7.945027E-01 -1.102574E+01
   7.959075E-01 -1.098431E+01
   7.973122E-01 -1.094315E+01
   7.987170E-01 -1.090225E+01
   7.994193E-01 -1.088190E+01
   8.001217E-01 -1.086162E+01
   8.015265E-01 -1.082124E+01
   8.029312E-01 -1.078112E+01
   8.043360E-01 -1.074126E+01
   8.057407E-01 -1.070166E+01
   8.071455E-01 -1.066230E+01
   8.085502E-01 -1.062320E+01
   8.099550E-01 -1.058434E+01
   8.113597E-01 -1.054573E+01
   8.127645E-01 -1.050737E+01
   8.134668E-01 -1.048827E+01
   8.141692E-01 -1.046924E+01
   8.155740E-01 -1.043136E+01
   8.169787E-01 -1.039371E+01
   8.183834E-01 -1.035631E+01
   8.197882E-01 -1.031913E+01
   8.211929E-01 -1.028219E+01
   8.225977E-01 -1.024548E+01
   8.240024E-01 -1.020900E+01
   8.254072E-01 -1.017275E+01
   8.268119E-01 -1.013673E+01
   8.282167E-01 -1.010092E+01
   8.296214E-01 -1.006534E+01
   8.310262E-01 -1.002998E+01
   8.324309E-01 -9.994843E+00
   8.338357E-01 -9.959920E+00
   8.352404E-01 -9.925212E+00
   8.366452E-01 -9.890718E+00
   8.394547E-01 -9.822365E+00
   8.408594E-01 -9.788503E+00
   8.422642E-01 -9.754849E+00
   8.436689E-01 -9.721400E+00
   8.450737E-01 -9.688155E+00
   8.464784E-01 -9.655113E+00
   8.478832E-01 -9.622273E+00
   8.492879E-01 -9.589632E+00
   8.506927E-01 -9.557189E+00
   8.520974E-01 -9.524943E+00
   8.535022E-01 -9.492892E+00
   8.549069E-01 -9.461034E+00
   8.563117E-01 -9.429369E+00
   8.591211E-01 -9.366610E+00
   8.605259E-01 -9.335513E+00
   8.619306E-01 -9.304603E+00
   8.633354E-01 -9.273878E+00
   8.647401E-01 -9.243337E+00
   8.661449E-01 -9.212978E+00
   8.675496E-01 -9.182800E+00
   8.689544E-01 -9.152802E+00
   8.703591E-01 -9.122983E+00
   8.721297E-01 -9.085651E+00
   8.739002E-01 -9.048598E+00
   8.756707E-01 -9.011821E+00
   8.774412E-01 -8.975318E+00
   8.792117E-01 -8.939086E+00
   8.809823E-01 -8.903122E+00
   8.818675E-01 -8.885241E+00
   8.827528E-01 -8.867425E+00
   8.845233E-01 -8.831992E+00
   8.862938E-01 -8.796819E+00
   8.880643E-01 -8.761906E+00
   8.889496E-01 -8.744546E+00
   8.898349E-01 -8.727249E+00
   8.916054E-01 -8.692847E+00
   8.933759E-01 -8.658696E+00
   8.942612E-01 -8.641715E+00
   8.951464E-01 -8.624795E+00
   8.969169E-01 -8.591142E+00
   8.986875E-01 -8.557734E+00
   9.004580E-01 -8.524568E+00
   9.022285E-01 -8.491644E+00
   9.039990E-01 -8.458958E+00
   9.057696E-01 -8.426509E+00
   9.075401E-01 -8.394294E+00
   9.093106E-01 -8.362311E+00
   9.110811E-01 -8.330558E+00
   9.128516E-01 -8.299034E+00
   9.146222E-01 -8.267736E+00
   9.163927E-01 -8.236662E+00
   9.181632E-01 -8.205810E+00
   9.199337E-01 -8.175179E+00
   9.217042E-01 -8.144766E+00
   9.234748E-01 -8.114569E+00
   9.252453E-01 -8.084586E+00
   9.261305E-01 -8.069675E+00
   9.270158E-01 -8.054817E+00
   9.287863E-01 -8.025257E+00
   9.305568E-01 -7.995907E+00
   9.323274E-01 -7.966764E+00
   9.340979E-01 -7.937826E+00
   9.358684E-01 -7.909092E+00
   9.376389E-01 -7.880559E+00
   9.394094E-01 -7.852227E+00
   9.411800E-01 -7.824093E+00
   9.429505E-01 -7.796155E+00
   9.447210E-01 -7.768412E+00
   9.464915E-01 -7.740862E+00
   9.473768E-01 -7.727159E+00
   9.482621E-01 -7.713504E+00
   9.500326E-01 -7.686336E+00
   9.518031E-01 -7.659356E+00
   9.535736E-01 -7.632562E+00
   9.553441E-01 -7.605954E+00
   9.571147E-01 -7.579530E+00
   9.588852E-01 -7.553287E+00
   9.606557E-01 -7.527224E+00
   9.624262E-01 -7.501341E+00
   9.641967E-01 -7.475635E+00
   9.659673E-01 -7.450105E+00
   9.677378E-01 -7.424749E+00
   9.695083E-01 -7.399566E+00
   9.712788E-01 -7.374555E+00
   9.730493E-01 -7.349713E+00
   9.748199E-01 -7.325040E+00
   9.765904E-01 -7.300535E+00
   9.783609E-01 -7.276195E+00
   9.801314E-01 -7.252020E+00
   9.819019E-01 -7.228008E+00
   9.836725E-01 -7.204158E+00
   9.854430E-01 -7.180468E+00
   9.872135E-01 -7.156937E+00
   9.889840E-01 -7.133563E+00
   9.898693E-01 -7.121936E+00
   9.907546E-01 -7.110347E+00
   9.925251E-01 -7.087285E+00
   9.942956E-01 -7.064377E+00
   9.960661E-01 -7.041622E+00
   9.978366E-01 -7.019019E+00
   9.996072E-01 -6.996565E+00
   1.001378E+00 -6.974261E+00
   1.003148E+00 -6.952104E+00
   1.004919E+00 -6.930093E+00
   1.006689E+00 -6.908228E+00
   1.008460E+00 -6.886507E+00
   1.010230E+00 -6.864929E+00
   1.012001E+00 -6.843493E+00
   1.013771E+00 -6.822197E+00
   1.015542E+00 -6.801041E+00
   1.019083E+00 -6.759143E+00
   1.020853E+00 -6.738399E+00
   1.022624E+00 -6.717790E+00
   1.024394E+00 -6.697315E+00
   1.026165E+00 -6.676973E+00
   1.029706E+00 -6.636684E+00
   1.031477E+00 -6.616734E+00
   1.033247E+00 -6.596913E+00
   1.035018E+00 -6.577220E+00
   1.036788E+00 -6.557654E+00
   1.038559E+00 -6.538214E+00
   1.040329E+00 -6.518898E+00
   1.042100E+00 -6.499706E+00
   1.043870E+00 -6.480636E+00
   1.045641E+00 -6.461689E+00
   1.047411E+00 -6.442862E+00
   1.049182E+00 -6.424155E+00
   1.050952E+00 -6.405568E+00
   1.052723E+00 -6.387098E+00
   1.054493E+00 -6.368745E+00
   1.058034E+00 -6.332388E+00
   1.059805E+00 -6.314381E+00
   1.061575E+00 -6.296488E+00
   1.063346E+00 -6.278707E+00
   1.065116E+00 -6.261038E+00
   1.066887E+00 -6.243480E+00
   1.068657E+00 -6.226032E+00
   1.070428E+00 -6.208693E+00
   1.072199E+00 -6.191463E+00
   1.073969E+00 -6.174340E+00
   1.075740E+00 -6.157324E+00
   1.077510E+00 -6.140414E+00
   1.079281E+00 -6.123608E+00
   1.082822E+00 -6.090310E+00
   1.084592E+00 -6.073815E+00
   1.086363E+00 -6.057422E+00
   1.088133E+00 -6.041130E+00
   1.089904E+00 -6.024938E+00
   1.091674E+00 -6.008846E+00
   1.093445E+00 -5.992853E+00
   1.095215E+00 -5.976958E+00
   1.096986E+00 -5.961160E+00
   1.099217E+00 -5.941387E+00
   1.101449E+00 -5.921765E+00
   1.103680E+00 -5.902294E+00
   1.105912E+00 -5.882972E+00
   1.108143E+00 -5.863798E+00
   1.110375E+00 -5.844770E+00
   1.111491E+00 -5.835310E+00
   1.112607E+00 -5.825887E+00
   1.114838E+00 -5.807147E+00
   1.117070E+00 -5.788550E+00
   1.119301E+00 -5.770094E+00
   1.120417E+00 -5.760918E+00
   1.121533E+00 -5.751777E+00
   1.123764E+00 -5.733599E+00
   1.125996E+00 -5.715557E+00
   1.127112E+00 -5.706588E+00
   1.128227E+00 -5.697652E+00
   1.130459E+00 -5.679880E+00
   1.132690E+00 -5.662242E+00
   1.134922E+00 -5.644736E+00
   1.137153E+00 -5.627361E+00
   1.139385E+00 -5.610115E+00
   1.141616E+00 -5.592998E+00
   1.143848E+00 -5.576008E+00
   1.146080E+00 -5.559143E+00
   1.148311E+00 -5.542404E+00
   1.150543E+00 -5.525788E+00
   1.152774E+00 -5.509295E+00
   1.155006E+00 -5.492923E+00
   1.157237E+00 -5.476672E+00
   1.159469E+00 -5.460540E+00
   1.161700E+00 -5.444526E+00
   1.163932E+00 -5.428629E+00
   1.166163E+00 -5.412848E+00
   1.167279E+00 -5.405001E+00
   1.168395E+00 -5.397182E+00
   1.170626E+00 -5.381630E+00
   1.172858E+00 -5.366191E+00
   1.175089E+00 -5.350863E+00
   1.177321E+00 -5.335647E+00
   1.179553E+00 -5.320540E+00
   1.181784E+00 -5.305543E+00
   1.184016E+00 -5.290653E+00
   1.186247E+00 -5.275870E+00
   1.188479E+00 -5.261193E+00
   1.190710E+00 -5.246621E+00
   1.192942E+00 -5.232153E+00
   1.195173E+00 -5.217788E+00
   1.199636E+00 -5.189365E+00
   1.201868E+00 -5.175304E+00
   1.204099E+00 -5.161343E+00
   1.206331E+00 -5.147481E+00
   1.208563E+00 -5.133716E+00
   1.210794E+00 -5.120048E+00
   1.213026E+00 -5.106477E+00
   1.215257E+00 -5.093000E+00
   1.217489E+00 -5.079618E+00
   1.219720E+00 -5.066330E+00
   1.221952E+00 -5.053134E+00
   1.224183E+00 -5.040030E+00
   1.226415E+00 -5.027017E+00
   1.228646E+00 -5.014095E+00
   1.230878E+00 -5.001262E+00
   1.233109E+00 -4.988518E+00
   1.235341E+00 -4.975862E+00
   1.237572E+00 -4.963293E+00
   1.239804E+00 -4.950811E+00
   1.242036E+00 -4.938414E+00
   1.244267E+00 -4.926103E+00
   1.246499E+00 -4.913875E+00
   1.248730E+00 -4.901731E+00
   1.253193E+00 -4.877691E+00
   1.255425E+00 -4.865794E+00
   1.257656E+00 -4.853977E+00
   1.259888E+00 -4.842240E+00
   1.262119E+00 -4.830582E+00
   1.264351E+00 -4.819003E+00
   1.266582E+00 -4.807502E+00
   1.268814E+00 -4.796078E+00
   1.271045E+00 -4.784731E+00
   1.273277E+00 -4.773460E+00
   1.275509E+00 -4.762264E+00
   1.277740E+00 -4.751143E+00
   1.279972E+00 -4.740096E+00
   1.284435E+00 -4.718221E+00
   1.286666E+00 -4.707393E+00
   1.288898E+00 -4.696636E+00
   1.291129E+00 -4.685950E+00
   1.293361E+00 -4.675334E+00
   1.297824E+00 -4.654312E+00
   1.300055E+00 -4.643904E+00
   1.302287E+00 -4.633564E+00
   1.304518E+00 -4.623292E+00
   1.306750E+00 -4.613086E+00
   1.308982E+00 -4.602947E+00
   1.311213E+00 -4.592874E+00
   1.313445E+00 -4.582866E+00
   1.315676E+00 -4.572923E+00
   1.317908E+00 -4.563043E+00
   1.320139E+00 -4.553228E+00
   1.322371E+00 -4.543476E+00
   1.324602E+00 -4.533786E+00
   1.326834E+00 -4.524159E+00
   1.329065E+00 -4.514593E+00
   1.333528E+00 -4.495643E+00
   1.335760E+00 -4.486259E+00
   1.337991E+00 -4.476934E+00
   1.340223E+00 -4.467669E+00
   1.342455E+00 -4.458462E+00
   1.344686E+00 -4.449313E+00
   1.346918E+00 -4.440222E+00
   1.349149E+00 -4.431188E+00
   1.351381E+00 -4.422210E+00
   1.353612E+00 -4.413289E+00
   1.355844E+00 -4.404424E+00
   1.358075E+00 -4.395614E+00
   1.360307E+00 -4.386859E+00
   1.364770E+00 -4.369512E+00
   1.367001E+00 -4.360919E+00
   1.369233E+00 -4.352379E+00
   1.371465E+00 -4.343892E+00
   1.373696E+00 -4.335457E+00
   1.375928E+00 -4.327074E+00
   1.378159E+00 -4.318743E+00
   1.380391E+00 -4.310463E+00
   1.382622E+00 -4.302233E+00
   1.385435E+00 -4.291932E+00
   1.388247E+00 -4.281709E+00
   1.391060E+00 -4.271565E+00
   1.393873E+00 -4.261499E+00
   1.396685E+00 -4.251509E+00
   1.399498E+00 -4.241594E+00
   1.400904E+00 -4.236666E+00
   1.402310E+00 -4.231755E+00
   1.405123E+00 -4.221991E+00
   1.410748E+00 -4.202681E+00
   1.413561E+00 -4.193135E+00
   1.416373E+00 -4.183661E+00
   1.419186E+00 -4.174257E+00
   1.421998E+00 -4.164923E+00
   1.427624E+00 -4.146462E+00
   1.430436E+00 -4.137335E+00
   1.433249E+00 -4.128274E+00
   1.436061E+00 -4.119280E+00
   1.438874E+00 -4.110352E+00
   1.441687E+00 -4.101489E+00
   1.444499E+00 -4.092692E+00
   1.447312E+00 -4.083958E+00
   1.450124E+00 -4.075287E+00
   1.452937E+00 -4.066680E+00
   1.455749E+00 -4.058134E+00
   1.458562E+00 -4.049651E+00
   1.461375E+00 -4.041228E+00
   1.464187E+00 -4.032866E+00
   1.467000E+00 -4.024563E+00
   1.469812E+00 -4.016320E+00
   1.472625E+00 -4.008136E+00
   1.478250E+00 -3.991940E+00
   1.481063E+00 -3.983929E+00
   1.483875E+00 -3.975973E+00
   1.486688E+00 -3.968074E+00
   1.489501E+00 -3.960230E+00
   1.492313E+00 -3.952441E+00
   1.495126E+00 -3.944706E+00
   1.497938E+00 -3.937025E+00
   1.500751E+00 -3.929397E+00
   1.503563E+00 -3.921823E+00
   1.506376E+00 -3.914300E+00
   1.512001E+00 -3.899410E+00
   1.514814E+00 -3.892041E+00
   1.517626E+00 -3.884723E+00
   1.520439E+00 -3.877455E+00
   1.523252E+00 -3.870236E+00
   1.526064E+00 -3.863066E+00
   1.528877E+00 -3.855944E+00
   1.531689E+00 -3.848871E+00
   1.534502E+00 -3.841845E+00
   1.537314E+00 -3.834866E+00
   1.540127E+00 -3.827934E+00
   1.542940E+00 -3.821048E+00
   1.545752E+00 -3.814208E+00
   1.548565E+00 -3.807413E+00
   1.551377E+00 -3.800664E+00
   1.554190E+00 -3.793959E+00
   1.557003E+00 -3.787298E+00
   1.559815E+00 -3.780681E+00
   1.562628E+00 -3.774107E+00
   1.565440E+00 -3.767576E+00
   1.568253E+00 -3.761088E+00
   1.571066E+00 -3.754642E+00
   1.573878E+00 -3.748237E+00
   1.579503E+00 -3.735552E+00
   1.582316E+00 -3.729271E+00
   1.585128E+00 -3.723030E+00
   1.587941E+00 -3.716829E+00
   1.590754E+00 -3.710667E+00
   1.596379E+00 -3.698461E+00
   1.599191E+00 -3.692416E+00
   1.602004E+00 -3.686409E+00
   1.604817E+00 -3.680440E+00
   1.607629E+00 -3.674508E+00
   1.610442E+00 -3.668614E+00
   1.613254E+00 -3.662756E+00
   1.616067E+00 -3.656934E+00
   1.618880E+00 -3.651149E+00
   1.621692E+00 -3.645400E+00
   1.624505E+00 -3.639685E+00
   1.627317E+00 -3.634007E+00
   1.630130E+00 -3.628362E+00
   1.635755E+00 -3.617178E+00
   1.638568E+00 -3.611636E+00
   1.641380E+00 -3.606129E+00
   1.644193E+00 -3.600654E+00
   1.647005E+00 -3.595213E+00
   1.649818E+00 -3.589804E+00
   1.652631E+00 -3.584428E+00
   1.655443E+00 -3.579084E+00
   1.658256E+00 -3.573772E+00
   1.661068E+00 -3.568491E+00
   1.663881E+00 -3.563242E+00
   1.666694E+00 -3.558024E+00
   1.669506E+00 -3.552836E+00
   1.672319E+00 -3.547679E+00
   1.675131E+00 -3.542553E+00
   1.680756E+00 -3.532389E+00
   1.683569E+00 -3.527352E+00
   1.686382E+00 -3.522343E+00
   1.689194E+00 -3.517364E+00
   1.692007E+00 -3.512413E+00
   1.694819E+00 -3.507491E+00
   1.697632E+00 -3.502597E+00
   1.700445E+00 -3.497732E+00
   1.703257E+00 -3.492893E+00
   1.706070E+00 -3.488083E+00
   1.708882E+00 -3.483299E+00
   1.711695E+00 -3.478543E+00
   1.714508E+00 -3.473813E+00
   1.720133E+00 -3.464434E+00
   1.722945E+00 -3.459783E+00
   1.725758E+00 -3.455159E+00
   1.728570E+00 -3.450560E+00
   1.731383E+00 -3.445986E+00
   1.737008E+00 -3.436915E+00
   1.742633E+00 -3.427943E+00
   1.746178E+00 -3.422339E+00
   1.749723E+00 -3.416773E+00
   1.753268E+00 -3.411246E+00
   1.756813E+00 -3.405756E+00
   1.763903E+00 -3.394887E+00
   1.767448E+00 -3.389508E+00
   1.770993E+00 -3.384164E+00
   1.778083E+00 -3.373584E+00
   1.781628E+00 -3.368347E+00
   1.785173E+00 -3.363144E+00
   1.788718E+00 -3.357975E+00
   1.792263E+00 -3.352840E+00
   1.795807E+00 -3.347739E+00
   1.799352E+00 -3.342670E+00
   1.802897E+00 -3.337635E+00
   1.806442E+00 -3.332632E+00
   1.809987E+00 -3.327661E+00
   1.813532E+00 -3.322723E+00
   1.820622E+00 -3.312939E+00
   1.824167E+00 -3.308094E+00
   1.827712E+00 -3.303279E+00
   1.831257E+00 -3.298495E+00
   1.834802E+00 -3.293740E+00
   1.838347E+00 -3.289016E+00
   1.841892E+00 -3.284320E+00
   1.845437E+00 -3.279654E+00
   1.848982E+00 -3.275016E+00
   1.852526E+00 -3.270407E+00
   1.856071E+00 -3.265827E+00
   1.863161E+00 -3.256749E+00
   1.866706E+00 -3.252251E+00
   1.870251E+00 -3.247780E+00
   1.873796E+00 -3.243337E+00
   1.877341E+00 -3.238920E+00
   1.880886E+00 -3.234529E+00
   1.884431E+00 -3.230164E+00
   1.887976E+00 -3.225825E+00
   1.891521E+00 -3.221512E+00
   1.895066E+00 -3.217224E+00
   1.898611E+00 -3.212961E+00
   1.902156E+00 -3.208724E+00
   1.905701E+00 -3.204510E+00
   1.909245E+00 -3.200321E+00
   1.912790E+00 -3.196157E+00
   1.919880E+00 -3.187899E+00
   1.923425E+00 -3.183805E+00
   1.926970E+00 -3.179735E+00
   1.930515E+00 -3.175687E+00
   1.934060E+00 -3.171663E+00
   1.941150E+00 -3.163682E+00
   1.948240E+00 -3.155789E+00
   1.951785E+00 -3.151875E+00
   1.955330E+00 -3.147983E+00
   1.958875E+00 -3.144113E+00
   1.962420E+00 -3.140263E+00
   1.969509E+00 -3.132627E+00
   1.973054E+00 -3.128840E+00
   1.976599E+00 -3.125074E+00
   1.980144E+00 -3.121327E+00
   1.983689E+00 -3.117601E+00
   1.990779E+00 -3.110208E+00
   1.994324E+00 -3.106540E+00
   1.997869E+00 -3.102892E+00
   2.004959E+00 -3.095654E+00
   2.012049E+00 -3.088491E+00
   2.019139E+00 -3.081401E+00
   2.026228E+00 -3.074385E+00
   2.033318E+00 -3.067439E+00
   2.040408E+00 -3.060564E+00
   2.047498E+00 -3.053758E+00
   2.054588E+00 -3.047020E+00
   2.061678E+00 -3.040348E+00
   2.068768E+00 -3.033742E+00
   2.075858E+00 -3.027200E+00
   2.082947E+00 -3.020721E+00
   2.090037E+00 -3.014304E+00
   2.093582E+00 -3.011119E+00
   2.097127E+00 -3.007949E+00
   2.104217E+00 -3.001654E+00
   2.111307E+00 -2.995418E+00
   2.118397E+00 -2.989240E+00
   2.125487E+00 -2.983120E+00
   2.132576E+00 -2.977056E+00
   2.139666E+00 -2.971047E+00
   2.146756E+00 -2.965093E+00
   2.153846E+00 -2.959193E+00
   2.160936E+00 -2.953345E+00
   2.168026E+00 -2.947550E+00
   2.175116E+00 -2.941805E+00
   2.182206E+00 -2.936111E+00
   2.189295E+00 -2.930467E+00
   2.196385E+00 -2.924872E+00
   2.200853E+00 -2.921370E+00
   2.205321E+00 -2.917888E+00
   2.209789E+00 -2.914424E+00
   2.214257E+00 -2.910979E+00
   2.223193E+00 -2.904144E+00
   2.227661E+00 -2.900753E+00
   2.232129E+00 -2.897380E+00
   2.236597E+00 -2.894026E+00
   2.241065E+00 -2.890688E+00
   2.250001E+00 -2.884066E+00
   2.258937E+00 -2.877511E+00
   2.263405E+00 -2.874259E+00
   2.267873E+00 -2.871024E+00
   2.272341E+00 -2.867805E+00
   2.276809E+00 -2.864603E+00
   2.285745E+00 -2.858246E+00
   2.294681E+00 -2.851953E+00
   2.299149E+00 -2.848830E+00
   2.303617E+00 -2.845723E+00
   2.312553E+00 -2.839553E+00
   2.321489E+00 -2.833444E+00
   2.330425E+00 -2.827395E+00
   2.339361E+00 -2.821403E+00
   2.348297E+00 -2.815469E+00
   2.357233E+00 -2.809591E+00
   2.366169E+00 -2.803769E+00
   2.375105E+00 -2.798001E+00
   2.384040E+00 -2.792287E+00
   2.392976E+00 -2.786626E+00
   2.401912E+00 -2.781016E+00
   2.406380E+00 -2.778231E+00
   2.410848E+00 -2.775458E+00
   2.419784E+00 -2.769950E+00
   2.428720E+00 -2.764491E+00
   2.437656E+00 -2.759082E+00
   2.446592E+00 -2.753720E+00
   2.455528E+00 -2.748406E+00
   2.464464E+00 -2.743138E+00
   2.473400E+00 -2.737916E+00
   2.482336E+00 -2.732739E+00
   2.491272E+00 -2.727607E+00
   2.500208E+00 -2.722519E+00
   2.509144E+00 -2.717474E+00
   2.518080E+00 -2.712472E+00
   2.527016E+00 -2.707512E+00
   2.531484E+00 -2.705048E+00
   2.535952E+00 -2.702594E+00
   2.544888E+00 -2.697716E+00
   2.553824E+00 -2.692879E+00
   2.562760E+00 -2.688082E+00
   2.571696E+00 -2.683324E+00
   2.580632E+00 -2.678605E+00
   2.585100E+00 -2.676260E+00
   2.589567E+00 -2.673924E+00
   2.598503E+00 -2.669281E+00
   2.607439E+00 -2.664675E+00
   2.616375E+00 -2.660106E+00
   2.625311E+00 -2.655574E+00
   2.634247E+00 -2.651077E+00
   2.643183E+00 -2.646616E+00
   2.652119E+00 -2.642190E+00
   2.661055E+00 -2.637798E+00
   2.669991E+00 -2.633441E+00
   2.678927E+00 -2.629117E+00
   2.687863E+00 -2.624826E+00
   2.696799E+00 -2.620569E+00
   2.705735E+00 -2.616344E+00
   2.714671E+00 -2.612152E+00
   2.723607E+00 -2.607991E+00
   2.732543E+00 -2.603862E+00
   2.741479E+00 -2.599763E+00
   2.750415E+00 -2.595696E+00
   2.759351E+00 -2.591659E+00
   2.768287E+00 -2.587652E+00
   2.773918E+00 -2.585142E+00
   2.779549E+00 -2.582644E+00
   2.790812E+00 -2.577683E+00
   2.802075E+00 -2.572768E+00
   2.813338E+00 -2.567898E+00
   2.824600E+00 -2.563073E+00
   2.835863E+00 -2.558292E+00
   2.847126E+00 -2.553555E+00
   2.858388E+00 -2.548861E+00
   2.869651E+00 -2.544210E+00
   2.880914E+00 -2.539600E+00
   2.892177E+00 -2.535032E+00
   2.897808E+00 -2.532764E+00
   2.903439E+00 -2.530505E+00
   2.914702E+00 -2.526019E+00
   2.925965E+00 -2.521573E+00
   2.937228E+00 -2.517166E+00
   2.948490E+00 -2.512798E+00
   2.959753E+00 -2.508469E+00
   2.971016E+00 -2.504178E+00
   2.982278E+00 -2.499924E+00
   2.993541E+00 -2.495708E+00
   3.004804E+00 -2.491529E+00
   3.016067E+00 -2.487387E+00
   3.027329E+00 -2.483280E+00
   3.038592E+00 -2.479209E+00
   3.049855E+00 -2.475174E+00
   3.055486E+00 -2.473169E+00
   3.061118E+00 -2.471173E+00
   3.072380E+00 -2.467207E+00
   3.083643E+00 -2.463275E+00
   3.094906E+00 -2.459377E+00
   3.106168E+00 -2.455512E+00
   3.117431E+00 -2.451680E+00
   3.128694E+00 -2.447881E+00
   3.139957E+00 -2.444115E+00
   3.151219E+00 -2.440380E+00
   3.162482E+00 -2.436678E+00
   3.173745E+00 -2.433006E+00
   3.185008E+00 -2.429366E+00
   3.196270E+00 -2.425757E+00
   3.207533E+00 -2.422179E+00
   3.218796E+00 -2.418630E+00
   3.241321E+00 -2.411623E+00
   3.252584E+00 -2.408163E+00
   3.263847E+00 -2.404733E+00
   3.275109E+00 -2.401331E+00
   3.286372E+00 -2.397958E+00
   3.297635E+00 -2.394613E+00
   3.308898E+00 -2.391297E+00
   3.320160E+00 -2.388007E+00
   3.331423E+00 -2.384746E+00
   3.342686E+00 -2.381512E+00
   3.353948E+00 -2.378304E+00
   3.365211E+00 -2.375124E+00
   3.376474E+00 -2.371970E+00
   3.398999E+00 -2.365740E+00
   3.410262E+00 -2.362664E+00
   3.421525E+00 -2.359614E+00
   3.432788E+00 -2.356588E+00
   3.444050E+00 -2.353589E+00
   3.455313E+00 -2.350613E+00
   3.466576E+00 -2.347663E+00
   3.477838E+00 -2.344737E+00
   3.489101E+00 -2.341835E+00
   3.503297E+00 -2.338212E+00
   3.517492E+00 -2.334627E+00
   3.531687E+00 -2.331079E+00
   3.545883E+00 -2.327568E+00
   3.574273E+00 -2.320656E+00
   3.588469E+00 -2.317253E+00
   3.602664E+00 -2.313887E+00
   3.616859E+00 -2.310555E+00
   3.631055E+00 -2.307257E+00
   3.645250E+00 -2.303994E+00
   3.659445E+00 -2.300765E+00
   3.673641E+00 -2.297570E+00
   3.687836E+00 -2.294408E+00
   3.702031E+00 -2.291278E+00
   3.716227E+00 -2.288182E+00
   3.730422E+00 -2.285117E+00
   3.744618E+00 -2.282084E+00
   3.773008E+00 -2.276113E+00
   3.787204E+00 -2.273174E+00
   3.801399E+00 -2.270266E+00
   3.815594E+00 -2.267388E+00
   3.829790E+00 -2.264540E+00
   3.843985E+00 -2.261721E+00
   3.858180E+00 -2.258932E+00
   3.872376E+00 -2.256172E+00
   3.886571E+00 -2.253441E+00
   3.900766E+00 -2.250738E+00
   3.914962E+00 -2.248063E+00
   3.929157E+00 -2.245416E+00
   3.943352E+00 -2.242797E+00
   3.971743E+00 -2.237641E+00
   3.985938E+00 -2.235103E+00
   4.000134E+00 -2.232591E+00
   4.014329E+00 -2.230106E+00
   4.028525E+00 -2.227647E+00
   4.042720E+00 -2.225213E+00
   4.056915E+00 -2.222805E+00
   4.071111E+00 -2.220422E+00
   4.085306E+00 -2.218064E+00
   4.099501E+00 -2.215731E+00
   4.113697E+00 -2.213422E+00
   4.127892E+00 -2.211137E+00
   4.142087E+00 -2.208877E+00
   4.170478E+00 -2.204427E+00
   4.184673E+00 -2.202236E+00
   4.198869E+00 -2.200069E+00
   4.213064E+00 -2.197925E+00
   4.227259E+00 -2.195803E+00
   4.241455E+00 -2.193704E+00
   4.255650E+00 -2.191626E+00
   4.269845E+00 -2.189571E+00
   4.284041E+00 -2.187537E+00
   4.298236E+00 -2.185524E+00
   4.312432E+00 -2.183533E+00
   4.326627E+00 -2.181563E+00
   4.340822E+00 -2.179614E+00
   4.355018E+00 -2.177685E+00
   4.369213E+00 -2.175776E+00
   4.383408E+00 -2.173888E+00
   4.397604E+00 -2.172020E+00
   4.415495E+00 -2.169693E+00
   4.433387E+00 -2.167398E+00
   4.451278E+00 -2.165133E+00
   4.469170E+00 -2.162898E+00
   4.504953E+00 -2.158518E+00
   4.522845E+00 -2.156372E+00
   4.540736E+00 -2.154254E+00
   4.576519E+00 -2.150103E+00
   4.594411E+00 -2.148070E+00
   4.612303E+00 -2.146064E+00
   4.630194E+00 -2.144084E+00
   4.648086E+00 -2.142131E+00
   4.665977E+00 -2.140205E+00
   4.683869E+00 -2.138304E+00
   4.701760E+00 -2.136429E+00
   4.719652E+00 -2.134579E+00
   4.737544E+00 -2.132754E+00
   4.755435E+00 -2.130954E+00
   4.791218E+00 -2.127426E+00
   4.809110E+00 -2.125698E+00
   4.827001E+00 -2.123993E+00
   4.844893E+00 -2.122311E+00
   4.862785E+00 -2.120652E+00
   4.880676E+00 -2.119015E+00
   4.898568E+00 -2.117400E+00
   4.916459E+00 -2.115808E+00
   4.934351E+00 -2.114237E+00
   4.952242E+00 -2.112687E+00
   4.970134E+00 -2.111158E+00
   5.005917E+00 -2.108163E+00
   5.023809E+00 -2.106696E+00
   5.041700E+00 -2.105249E+00
   5.059592E+00 -2.103821E+00
   5.077484E+00 -2.102413E+00
   5.095375E+00 -2.101024E+00
   5.113267E+00 -2.099654E+00
   5.131158E+00 -2.098303E+00
   5.149050E+00 -2.096971E+00
   5.166941E+00 -2.095656E+00
   5.184833E+00 -2.094359E+00
   5.202725E+00 -2.093081E+00
   5.220616E+00 -2.091819E+00
   5.238508E+00 -2.090575E+00
   5.256399E+00 -2.089348E+00
   5.292182E+00 -2.086944E+00
   5.310074E+00 -2.085767E+00
   5.327966E+00 -2.084606E+00
   5.345857E+00 -2.083461E+00
   5.363749E+00 -2.082332E+00
   5.399532E+00 -2.080119E+00
   5.417423E+00 -2.079036E+00
   5.435315E+00 -2.077967E+00
   5.453207E+00 -2.076913E+00
   5.471098E+00 -2.075874E+00
   5.488990E+00 -2.074849E+00
   5.506881E+00 -2.073838E+00
   5.524773E+00 -2.072841E+00
   5.542665E+00 -2.071858E+00
   5.565215E+00 -2.070638E+00
   5.587765E+00 -2.069439E+00
   5.610315E+00 -2.068262E+00
   5.632865E+00 -2.067104E+00
   5.677966E+00 -2.064850E+00
   5.700516E+00 -2.063752E+00
   5.723066E+00 -2.062673E+00
   5.745617E+00 -2.061613E+00
   5.768167E+00 -2.060571E+00
   5.790717E+00 -2.059548E+00
   5.813267E+00 -2.058542E+00
   5.835818E+00 -2.057554E+00
   5.858368E+00 -2.056584E+00
   5.880918E+00 -2.055630E+00
   5.903468E+00 -2.054693E+00
   5.926019E+00 -2.053772E+00
   5.948569E+00 -2.052868E+00
   5.993669E+00 -2.051106E+00
   6.016220E+00 -2.050248E+00
   6.038770E+00 -2.049405E+00
   6.061320E+00 -2.048577E+00
   6.083870E+00 -2.047763E+00
   6.106420E+00 -2.046964E+00
   6.128971E+00 -2.046178E+00
   6.151521E+00 -2.045407E+00
   6.174071E+00 -2.044649E+00
   6.196621E+00 -2.043904E+00
   6.219172E+00 -2.043172E+00
   6.241722E+00 -2.042453E+00
   6.264272E+00 -2.041747E+00
   6.309373E+00 -2.040372E+00
   6.331923E+00 -2.039702E+00
   6.354473E+00 -2.039044E+00
   6.377023E+00 -2.038397E+00
   6.399574E+00 -2.037762E+00
   6.422124E+00 -2.037139E+00
   6.444674E+00 -2.036526E+00
   6.467224E+00 -2.035924E+00
   6.489775E+00 -2.035332E+00
   6.512325E+00 -2.034751E+00
   6.534875E+00 -2.034180E+00
   6.557425E+00 -2.033619E+00
   6.579975E+00 -2.033068E+00
   6.625076E+00 -2.031995E+00
   6.647626E+00 -2.031472E+00
   6.670176E+00 -2.030959E+00
   6.692727E+00 -2.030455E+00
   6.715277E+00 -2.029959E+00
   6.737827E+00 -2.029472E+00
   6.760377E+00 -2.028994E+00
   6.782928E+00 -2.028525E+00
   6.805478E+00 -2.028063E+00
   6.828028E+00 -2.027610E+00
   6.850578E+00 -2.027164E+00
   6.873129E+00 -2.026727E+00
   6.895679E+00 -2.026297E+00
   6.918229E+00 -2.025874E+00
   6.940779E+00 -2.025459E+00
   6.963330E+00 -2.025052E+00
   6.985880E+00 -2.024651E+00
   7.014302E+00 -2.024156E+00
   7.042724E+00 -2.023672E+00
   7.071146E+00 -2.023199E+00
   7.099567E+00 -2.022736E+00
   7.156411E+00 -2.021841E+00
   7.184833E+00 -2.021408E+00
   7.213255E+00 -2.020985E+00
   7.241677E+00 -2.020571E+00
   7.270099E+00 -2.020166E+00
   7.298521E+00 -2.019770E+00
   7.326943E+00 -2.019383E+00
   7.355365E+00 -2.019004E+00
   7.383787E+00 -2.018634E+00
   7.412209E+00 -2.018271E+00
   7.440631E+00 -2.017917E+00
   7.469053E+00 -2.017570E+00
   7.497475E+00 -2.017231E+00
   7.554318E+00 -2.016575E+00
   7.582740E+00 -2.016258E+00
   7.611162E+00 -2.015948E+00
   7.639584E+00 -2.015644E+00
   7.668006E+00 -2.015347E+00
   7.724850E+00 -2.014773E+00
   7.753272E+00 -2.014495E+00
   7.781694E+00 -2.014223E+00
   7.810116E+00 -2.013957E+00
   7.838538E+00 -2.013697E+00
   7.895382E+00 -2.013193E+00
   7.923804E+00 -2.012950E+00
   7.952226E+00 -2.012711E+00
   7.980647E+00 -2.012478E+00
   8.009069E+00 -2.012250E+00
   8.065913E+00 -2.011808E+00
   8.094335E+00 -2.011595E+00
   8.122757E+00 -2.011386E+00
   8.151179E+00 -2.011181E+00
   8.179601E+00 -2.010981E+00
   8.236445E+00 -2.010593E+00
   8.264867E+00 -2.010405E+00
   8.293289E+00 -2.010222E+00
   8.321711E+00 -2.010042E+00
   8.350133E+00 -2.009866E+00
   8.406976E+00 -2.009526E+00
   8.463820E+00 -2.009199E+00
   8.520664E+00 -2.008887E+00
   8.577508E+00 -2.008587E+00
   8.634352E+00 -2.008300E+00
   8.691196E+00 -2.008025E+00
   8.748040E+00 -2.007761E+00
   8.804884E+00 -2.007508E+00
   8.840706E+00 -2.007354E+00
   8.876529E+00 -2.007204E+00
   8.912351E+00 -2.007058E+00
   8.948174E+00 -2.006915E+00
   8.983996E+00 -2.006777E+00
   9.019819E+00 -2.006642E+00
   9.055641E+00 -2.006510E+00
   9.091464E+00 -2.006382E+00
   9.127286E+00 -2.006257E+00
   9.163109E+00 -2.006135E+00
   9.198931E+00 -2.006016E+00
   9.234754E+00 -2.005901E+00
   9.270576E+00 -2.005788E+00
   9.306399E+00 -2.005678E+00
   9.342221E+00 -2.005571E+00
   9.378044E+00 -2.005467E+00
   9.413866E+00 -2.005365E+00
   9.449689E+00 -2.005266E+00
   9.485511E+00 -2.005169E+00
   9.521334E+00 -2.005074E+00
   9.592979E+00 -2.004893E+00
   9.664624E+00 -2.004720E+00
   9.736269E+00 -2.004555E+00
   9.807914E+00 -2.004398E+00
   9.879559E+00 -2.004249E+00
   9.951204E+00 -2.004106E+00
   1.002285E+01 -2.003971E+00
   1.009449E+01 -2.003841E+00
   1.016614E+01 -2.003718E+00
   1.023778E+01 -2.003600E+00
   1.030943E+01 -2.003488E+00
   1.038107E+01 -2.003381E+00
   1.045272E+01 -2.003278E+00
   1.052436E+01 -2.003180E+00
   1.059601E+01 -2.003086E+00
   1.066765E+01 -2.002997E+00
   1.073930E+01 -2.002911E+00
   1.081094E+01 -2.002829E+00
   1.088259E+01 -2.002750E+00
   1.095423E+01 -2.002675E+00
   1.102588E+01 -2.002602E+00
   1.109752E+01 -2.002533E+00
   1.118783E+01 -2.002450E+00
   1.127813E+01 -2.002370E+00
   1.136843E+01 -2.002295E+00
   1.145873E+01 -2.002223E+00
   1.154903E+01 -2.002155E+00
   1.163933E+01 -2.002090E+00
   1.172963E+01 -2.002028E+00
   1.181993E+01 -2.001969E+00
   1.191023E+01 -2.001913E+00
   1.200053E+01 -2.001859E+00
   1.209083E+01 -2.001807E+00
   1.218113E+01 -2.001758E+00
   1.227143E+01 -2.001711E+00
   1.236173E+01 -2.001665E+00
   1.245203E+01 -2.001622E+00
   1.254233E+01 -2.001580E+00
   1.263263E+01 -2.001540E+00
   1.272293E+01 -2.001502E+00
   1.281323E+01 -2.001465E+00
   1.290353E+01 -2.001429E+00
   1.299383E+01 -2.001395E+00
   1.308413E+01 -2.001362E+00
   1.317443E+01 -2.001331E+00
   1.326473E+01 -2.001300E+00
   1.335503E+01 -2.001270E+00
   1.344533E+01 -2.001242E+00
   1.353563E+01 -2.001214E+00
   1.362593E+01 -2.001188E+00
   1.371623E+01 -2.001162E+00
   1.380653E+01 -2.001137E+00
   1.389683E+01 -2.001113E+00
   1.398713E+01 -2.001090E+00
   1.410094E+01 -2.001062E+00
   1.421476E+01 -2.001034E+00
   1.432857E+01 -2.001008E+00
   1.444238E+01 -2.000983E+00
   1.455620E+01 -2.000959E+00
   1.467001E+01 -2.000935E+00
   1.478382E+01 -2.000913E+00
   1.489763E+01 -2.000891E+00
   1.501145E+01 -2.000870E+00
   1.512526E+01 -2.000850E+00
   1.523907E+01 -2.000830E+00
   1.535288E+01 -2.000811E+00
   1.558051E+01 -2.000775E+00
   1.580814E+01 -2.000741E+00
   1.603576E+01 -2.000709E+00
   1.626339E+01 -2.000679E+00
   1.649101E+01 -2.000651E+00
   1.671864E+01 -2.000624E+00
   1.694626E+01 -2.000599E+00
   1.717389E+01 -2.000575E+00
   1.740152E+01 -2.000553E+00
   1.762914E+01 -2.000531E+00
   1.791604E+01 -2.000506E+00
   1.820293E+01 -2.000482E+00
   1.848983E+01 -2.000460E+00
   1.877672E+01 -2.000439E+00
   1.906362E+01 -2.000420E+00
   1.935051E+01 -2.000401E+00
   1.963741E+01 -2.000384E+00
   1.992430E+01 -2.000368E+00
   2.021120E+01 -2.000352E+00
   2.049810E+01 -2.000338E+00
   2.078499E+01 -2.000324E+00
   2.107189E+01 -2.000311E+00
   2.135878E+01 -2.000298E+00
   2.164568E+01 -2.000287E+00
   2.193257E+01 -2.000276E+00
   2.221947E+01 -2.000265E+00
   2.258107E+01 -2.000252E+00
   2.294266E+01 -2.000241E+00
   2.330426E+01 -2.000230E+00
   2.366586E+01 -2.000219E+00
   2.402746E+01 -2.000210E+00
   2.438906E+01 -2.000200E+00
   2.475066E+01 -2.000192E+00
   2.511225E+01 -2.000184E+00
   2.547385E+01 -2.000176E+00
   2.583545E+01 -2.000169E+00
   2.619705E+01 -2.000162E+00
   2.655865E+01 -2.000155E+00
   2.728184E+01 -2.000143E+00
   2.800504E+01 -2.000132E+00
   2.846079E+01 -2.000126E+00
   2.891654E+01 -2.000120E+00
   2.937230E+01 -2.000115E+00
   2.982805E+01 -2.000110E+00
   3.073955E+01 -2.000100E+00
   3.165106E+01 -2.000092E+00
   3.256256E+01 -2.000084E+00
   3.347406E+01 -2.000077E+00
   3.438557E+01 -2.000071E+00
   3.529707E+01 -2.000066E+00
   3.644592E+01 -2.000060E+00
   3.759476E+01 -2.000055E+00
   3.874361E+01 -2.000050E+00
   3.989245E+01 -2.000046E+00
   4.104130E+01 -2.000042E+00
   4.219014E+01 -2.000039E+00
   4.333898E+01 -2.000036E+00
   4.448783E+01 -2.000033E+00
   4.593581E+01 -2.000030E+00
   4.738380E+01 -2.000027E+00
   4.883178E+01 -2.000025E+00
   5.027976E+01 -2.000023E+00
   5.172775E+01 -2.000021E+00
   5.317573E+01 -2.000019E+00
   5.462372E+01 -2.000018E+00
   5.607170E+01 -2.000016E+00
   5.789671E+01 -2.000015E+00
   5.972173E+01 -2.000014E+00
   6.154674E+01 -2.000012E+00
   6.337176E+01 -2.000011E+00
   6.702178E+01 -2.000010E+00
   7.067181E+01 -2.000008E+00
   7.297203E+01 -2.000007E+00
   7.527225E+01 -2.000007E+00
   7.757246E+01 -2.000006E+00
   7.987268E+01 -2.000006E+00
   8.447311E+01 -2.000005E+00
   8.907355E+01 -2.000004E+00
   9.487185E+01 -2.000003E+00
   1.006702E+02 -2.000003E+00
   1.064685E+02 -2.000002E+00
   1.122668E+02 -2.000002E+00
   1.195749E+02 -2.000002E+00
   1.268830E+02 -2.000001E+00
   1.341910E+02 -2.000001E+00
   1.414991E+02 -2.000001E+00
   1.507101E+02 -2.000001E+00
   1.599211E+02 -2.000001E+00
   1.691321E+02 -2.000001E+00
   1.783431E+02 -2.000001E+00
   2.015618E+02 -2.000000E+00
   2.247806E+02 -2.000000E+00
   2.540451E+02 -2.000000E+00
   2.833096E+02 -2.000000E+00
   3.201941E+02 -2.000000E+00
   3.570786E+02 -2.000000E+00
   4.035672E+02 -2.000000E+00
   4.500558E+02 -2.000000E+00
   5.086492E+02 -2.000000E+00
   5.672426E+02 -2.000000E+00
   7.149429E+02 -2.000000E+00
   9.011018E+02 -2.000000E+00
   1.135733E+03 -2.000000E+00
   1.431459E+03 -2.000000E+00
   1.804186E+03 -2.000000E+00
   2.273966E+03 -2.000000E+00
   2.866068E+03 -2.000000E+00
   3.612343E+03 -2.000000E+00
   4.552935E+03 -2.000000E+00
   5.738442E+03 -2.000000E+00
   7.232634E+03 -2.000000E+00
   9.115888E+03 -2.000000E+00
   1.148951E+04 -2.000000E+00
   1.448118E+04 -2.000000E+00
   1.825183E+04 -2.000000E+00
   2.300430E+04 -2.000000E+00
   2.899423E+04 -2.000000E+00
   3.654383E+04 -2.000000E+00
   4.605922E+04 -2.000000E+00
   5.805226E+04 -2.000000E+00
   7.316807E+04 -2.000000E+00
   9.221979E+04 -2.000000E+00
   1.162322E+05 -2.000000E+00
   1.464971E+05 -2.000000E+00
   1.846425E+05 -2.000000E+00
   2.327202E+05 -2.000000E+00
   2.933166E+05 -2.000000E+00
   3.696913E+05 -2.000000E+00
   4.659526E+05 -2.000000E+00
   5.872787E+05 -2.000000E+00
   7.401960E+05 -2.000000E+00
   9.329304E+05 -2.000000E+00
   1.175850E+06 -2.000000E+00
   1.482021E+06 -2.000000E+00
   1.867914E+06 -2.000000E+00
   2.354286E+06 -2.000000E+00
   2.967302E+06 -2.000000E+00
   3.739937E+06 -2.000000E+00
   4.713753E+06 -2.000000E+00
   5.941134E+06 -2.000000E+00
   7.488104E+06 -2.000000E+00
   9.437878E+06 -2.000000E+00
   1.189534E+07 -2.000000E+00
   1.499268E+07 -2.000000E+00
   1.889652E+07 -2.000000E+00
   2.381686E+07 -2.000000E+00
   3.001836E+07 -2.000000E+00
   3.783463E+07 -2.000000E+00
   4.768612E+07 -2.000000E+00
   6.010277E+07 -2.000000E+00
   7.575250E+07 -2.000000E+00
   9.547716E+07 -2.000000E+00
   1.203378E+08 -2.000000E+00
   1.516717E+08 -2.000000E+00
   1.911644E+08 -2.000000E+00
   2.409404E+08 -2.000000E+00
   3.036771E+08 -2.000000E+00
   3.827494E+08 -2.000000E+00
   4.824109E+08 -2.000000E+00
   6.080224E+08 -2.000000E+00
   7.663411E+08 -2.000000E+00
   9.658832E+08 -2.000000E+00
   1.217383E+09 -2.000000E+00
   1.534368E+09 -2.000000E+00
   1.933892E+09 -2.000000E+00
   2.437444E+09 -2.000000E+00
   3.072113E+09 -2.000000E+00
   3.872039E+09 -2.000000E+00
   4.880252E+09 -2.000000E+00
   6.150986E+09 -2.000000E+00
   7.752597E+09 -2.000000E+00
   9.771242E+09 -2.000000E+00
   9.900990E+09 -2.000000E+00
   1.231551E+10 -2.000000E+00
   1.552225E+10 -2.000000E+00
   1.956398E+10 -2.000000E+00
   1.980198E+10 -2.000000E+00
   2.465811E+10 -2.000000E+00
   2.970297E+10 -2.000000E+00
   3.107866E+10 -2.000000E+00
   3.917101E+10 -2.000000E+00
   3.960396E+10 -2.000000E+00
   4.937048E+10 -2.000000E+00
   4.950495E+10 -2.000000E+00
   5.940594E+10 -2.000000E+00
   6.222571E+10 -2.000000E+00
   6.930693E+10 -2.000000E+00
   7.842822E+10 -2.000000E+00
   7.920792E+10 -2.000000E+00
   8.910891E+10 -2.000000E+00
   9.884959E+10 -2.000000E+00
   9.900990E+10 -2.000000E+00
   1.089109E+11 -2.000000E+00
   1.188119E+11 -2.000000E+00
   1.245883E+11 -2.000000E+00
   1.287129E+11 -2.000000E+00
   1.386139E+11 -2.000000E+00
   1.485149E+11 -2.000000E+00
   1.570290E+11 -2.000000E+00
   1.584158E+11 -2.000000E+00
   1.683168E+11 -2.000000E+00
   1.782178E+11 -2.000000E+00
   1.881188E+11 -2.000000E+00
   1.979167E+11 -2.000000E+00
   1.980198E+11 -2.000000E+00
   2.079208E+11 -2.000000E+00
   2.178218E+11 -2.000000E+00
   2.277228E+11 -2.000000E+00
   2.376238E+11 -2.000000E+00
   2.475248E+11 -2.000000E+00
   2.494508E+11 -2.000000E+00
   2.574257E+11 -2.000000E+00
   2.673267E+11 -2.000000E+00
   2.772277E+11 -2.000000E+00
   2.871287E+11 -2.000000E+00
   2.970297E+11 -2.000000E+00
   3.069307E+11 -2.000000E+00
   3.144035E+11 -2.000000E+00
   3.168317E+11 -2.000000E+00
   3.267327E+11 -2.000000E+00
   3.366337E+11 -2.000000E+00
   3.465347E+11 -2.000000E+00
   3.564356E+11 -2.000000E+00
   3.663366E+11 -2.000000E+00
   3.762376E+11 -2.000000E+00
   3.861386E+11 -2.000000E+00
   3.960396E+11 -2.000000E+00
   3.962689E+11 -2.000000E+00
   4.059406E+11 -2.000000E+00
   4.158416E+11 -2.000000E+00
   4.257426E+11 -2.000000E+00
   4.356436E+11 -2.000000E+00
   4.455446E+11 -2.000000E+00
   4.554455E+11 -2.000000E+00
   4.653465E+11 -2.000000E+00
   4.752475E+11 -2.000000E+00
   4.851485E+11 -2.000000E+00
   4.950495E+11 -2.000000E+00
   4.994505E+11 -2.000000E+00
   5.049505E+11 -2.000000E+00
   5.148515E+11 -2.000000E+00
   5.247525E+11 -2.000000E+00
   5.346535E+11 -2.000000E+00
   5.445545E+11 -2.000000E+00
   5.544554E+11 -2.000000E+00
   5.643564E+11 -2.000000E+00
   5.742574E+11 -2.000000E+00
   5.841584E+11 -2.000000E+00
   5.940594E+11 -2.000000E+00
   6.039604E+11 -2.000000E+00
   6.138614E+11 -2.000000E+00
   6.237624E+11 -2.000000E+00
   6.294989E+11 -2.000000E+00
   6.336634E+11 -2.000000E+00
   6.435644E+11 -2.000000E+00
   6.534653E+11 -2.000000E+00
   6.633663E+11 -2.000000E+00
   6.732673E+11 -2.000000E+00
   6.831683E+11 -2.000000E+00
   6.930693E+11 -2.000000E+00
   7.029703E+11 -2.000000E+00
   7.128713E+11 -2.000000E+00
   7.227723E+11 -2.000000E+00
   7.326733E+11 -2.000000E+00
   7.425743E+11 -2.000000E+00
   7.524752E+11 -2.000000E+00
   7.623762E+11 -2.000000E+00
   7.722772E+11 -2.000000E+00
   7.821782E+11 -2.000000E+00
   7.920792E+11 -2.000000E+00
   7.934097E+11 -2.000000E+00
   8.019802E+11 -2.000000E+00
   8.118812E+11 -2.000000E+00
   8.217822E+11 -2.000000E+00
   8.316832E+11 -2.000000E+00
   8.415842E+11 -2.000000E+00
   8.514851E+11 -2.000000E+00
   8.613861E+11 -2.000000E+00
   8.712871E+11 -2.000000E+00
   8.811881E+11 -2.000000E+00
   8.910891E+11 -2.000000E+00
   9.009901E+11 -2.000000E+00
   9.108911E+11 -2.000000E+00
   9.207921E+11 -2.000000E+00
   9.306931E+11 -2.000000E+00
   9.405941E+11 -2.000000E+00
   9.504950E+11 -2.000000E+00
   9.603960E+11 -2.000000E+00
   9.702970E+11 -2.000000E+00
   9.801980E+11 -2.000000E+00
   9.900990E+11 -2.000000E+00
   9.920792E+11 -2.000000E+00
   9.940594E+11 -2.000000E+00
   9.960396E+11 -2.000000E+00
   9.980198E+11 -2.000000E+00
   1.000000E+12 -2.000000E+00
