# Potential function.
#  r             r*V(r)
   0.000000E+00 -4.090650E+01
   1.000000E-08 -4.090650E+01
   1.260383E-08 -4.090650E+01
   1.588565E-08 -4.090650E+01
   2.002200E-08 -4.090650E+01
   2.523539E-08 -4.090650E+01
   3.180626E-08 -4.090650E+01
   4.008806E-08 -4.090650E+01
   5.052631E-08 -4.090649E+01
   6.368250E-08 -4.090649E+01
   8.026434E-08 -4.090649E+01
   1.011638E-07 -4.090649E+01
   1.275051E-07 -4.090648E+01
   1.607053E-07 -4.090648E+01
   2.025502E-07 -4.090648E+01
   2.552908E-07 -4.090647E+01
   3.217642E-07 -4.090646E+01
   4.055461E-07 -4.090645E+01
   5.111433E-07 -4.090644E+01
   6.442364E-07 -4.090642E+01
   8.119845E-07 -4.090640E+01
   1.023411E-06 -4.090637E+01
   1.289890E-06 -4.090634E+01
   1.625756E-06 -4.090630E+01
   2.049075E-06 -4.090625E+01
   2.582619E-06 -4.090618E+01
   3.255089E-06 -4.090610E+01
   4.102658E-06 -4.090600E+01
   5.170920E-06 -4.090587E+01
   6.517340E-06 -4.090570E+01
   8.214344E-06 -4.090550E+01
   1.035322E-05 -4.090523E+01
   1.304902E-05 -4.090491E+01
   1.644676E-05 -4.090449E+01
   2.072922E-05 -4.090397E+01
   2.612675E-05 -4.090331E+01
   3.292971E-05 -4.090248E+01
   4.150405E-05 -4.090143E+01
   5.231099E-05 -4.090011E+01
   6.593188E-05 -4.089844E+01
   8.309942E-05 -4.089635E+01
   1.047371E-04 -4.089370E+01
   1.320088E-04 -4.089037E+01
   1.663817E-04 -4.088618E+01
   2.097046E-04 -4.088088E+01
   2.643081E-04 -4.087422E+01
   3.331295E-04 -4.086582E+01
   4.198707E-04 -4.085523E+01
   5.291979E-04 -4.084189E+01
   6.669920E-04 -4.082509E+01
   8.406653E-04 -4.080393E+01
   1.059560E-03 -4.077727E+01
   1.335452E-03 -4.074370E+01
   1.683180E-03 -4.070143E+01
   2.121452E-03 -4.064823E+01
   2.673842E-03 -4.058130E+01
   3.370064E-03 -4.049712E+01
   4.247572E-03 -4.039131E+01
   5.353567E-03 -4.025841E+01
   6.747544E-03 -4.009164E+01
   7.626017E-03 -3.998697E+01
   8.504489E-03 -3.988261E+01
   9.058095E-03 -3.981701E+01
   9.334898E-03 -3.978425E+01
   9.611701E-03 -3.975153E+01
   9.750103E-03 -3.973518E+01
   9.888504E-03 -3.971884E+01
   9.923105E-03 -3.971476E+01
   9.957705E-03 -3.971067E+01
   9.975005E-03 -3.970863E+01
   9.983655E-03 -3.970761E+01
   9.992305E-03 -3.970659E+01
   9.996630E-03 -3.970608E+01
   9.997712E-03 -3.970595E+01
   9.998793E-03 -3.970583E+01
   9.999334E-03 -3.970576E+01
   9.999401E-03 -3.970575E+01
   9.999469E-03 -3.970575E+01
   9.999536E-03 -3.970574E+01
   9.999604E-03 -3.970573E+01
   9.999671E-03 -3.970572E+01
   9.999739E-03 -3.970571E+01
   9.999807E-03 -3.970571E+01
   9.999874E-03 -3.970570E+01
   9.999942E-03 -3.970569E+01
   1.000001E-02 -3.680107E+01
   1.000008E-02 -3.680106E+01
   1.000014E-02 -3.680105E+01
   1.000021E-02 -3.680104E+01
   1.000028E-02 -3.680104E+01
   1.000035E-02 -3.680103E+01
   1.000041E-02 -3.680102E+01
   1.000048E-02 -3.680101E+01
   1.000055E-02 -3.680100E+01
   1.000062E-02 -3.680100E+01
   1.000069E-02 -3.680099E+01
   1.000096E-02 -3.680096E+01
   1.000204E-02 -3.680083E+01
   1.000312E-02 -3.680070E+01
   1.000528E-02 -3.680045E+01
   1.000961E-02 -3.679994E+01
   1.001826E-02 -3.679892E+01
   1.002691E-02 -3.679791E+01
   1.004421E-02 -3.679588E+01
   1.006151E-02 -3.679385E+01
   1.009611E-02 -3.678979E+01
   1.016531E-02 -3.678166E+01
   1.030371E-02 -3.676543E+01
   1.044211E-02 -3.674920E+01
   1.071891E-02 -3.671678E+01
   1.141667E-02 -3.663524E+01
   1.211442E-02 -3.655397E+01
   1.350994E-02 -3.639221E+01
   1.526881E-02 -3.618990E+01
   1.702769E-02 -3.598937E+01
   1.813612E-02 -3.586394E+01
   1.924455E-02 -3.573926E+01
   2.146141E-02 -3.549218E+01
   2.285846E-02 -3.533808E+01
   2.425550E-02 -3.518525E+01
   2.565255E-02 -3.503373E+01
   2.704960E-02 -3.488353E+01
   2.881041E-02 -3.469616E+01
   3.057122E-02 -3.451099E+01
   3.233204E-02 -3.432809E+01
   3.409285E-02 -3.414750E+01
   3.520250E-02 -3.403491E+01
   3.631215E-02 -3.392327E+01
   3.742180E-02 -3.381260E+01
   3.853145E-02 -3.370291E+01
   3.964110E-02 -3.359422E+01
   4.075075E-02 -3.348654E+01
   4.186040E-02 -3.337989E+01
   4.297005E-02 -3.327426E+01
   4.436863E-02 -3.314264E+01
   4.576721E-02 -3.301271E+01
   4.716580E-02 -3.288450E+01
   4.856438E-02 -3.275805E+01
   4.996296E-02 -3.263337E+01
   5.136155E-02 -3.251050E+01
   5.206084E-02 -3.244975E+01
   5.276013E-02 -3.238946E+01
   5.415871E-02 -3.227028E+01
   5.592146E-02 -3.212276E+01
   5.680284E-02 -3.205014E+01
   5.768421E-02 -3.197830E+01
   5.856559E-02 -3.190723E+01
   5.944697E-02 -3.183694E+01
   6.120972E-02 -3.169875E+01
   6.209109E-02 -3.163086E+01
   6.297247E-02 -3.156378E+01
   6.385384E-02 -3.149752E+01
   6.473522E-02 -3.143209E+01
   6.649797E-02 -3.130372E+01
   6.826072E-02 -3.117874E+01
   6.937159E-02 -3.110174E+01
   7.048246E-02 -3.102612E+01
   7.159333E-02 -3.095189E+01
   7.270420E-02 -3.087908E+01
   7.492594E-02 -3.073772E+01
   7.603681E-02 -3.066921E+01
   7.714768E-02 -3.060216E+01
   7.936942E-02 -3.047251E+01
   8.048029E-02 -3.040993E+01
   8.159116E-02 -3.034887E+01
   8.270203E-02 -3.028935E+01
   8.381290E-02 -3.023137E+01
   8.492377E-02 -3.017495E+01
   8.603464E-02 -3.012010E+01
   8.673471E-02 -3.008635E+01
   8.743477E-02 -3.005323E+01
   8.883489E-02 -2.998892E+01
   9.023501E-02 -2.992718E+01
   9.163513E-02 -2.986804E+01
   9.303525E-02 -2.981153E+01
   9.443538E-02 -2.975769E+01
   9.583550E-02 -2.970653E+01
   9.723562E-02 -2.965809E+01
   9.863574E-02 -2.961238E+01
   1.000359E-01 -2.956945E+01
   1.014360E-01 -2.952931E+01
   1.028361E-01 -2.949200E+01
   1.035362E-01 -2.947441E+01
   1.042362E-01 -2.945753E+01
   1.056364E-01 -2.942595E+01
   1.070365E-01 -2.939726E+01
   1.084366E-01 -2.937151E+01
   1.093189E-01 -2.935680E+01
   1.102013E-01 -2.934327E+01
   1.110836E-01 -2.933093E+01
   1.119660E-01 -2.931979E+01
   1.128483E-01 -2.930984E+01
   1.137307E-01 -2.930111E+01
   1.146130E-01 -2.929359E+01
   1.154954E-01 -2.928729E+01
   1.172600E-01 -2.927838E+01
   1.181424E-01 -2.927579E+01
   1.190247E-01 -2.927444E+01
   1.199071E-01 -2.927434E+01
   1.207894E-01 -2.927551E+01
   1.225541E-01 -2.928165E+01
   1.243188E-01 -2.929291E+01
   1.252012E-01 -2.930048E+01
   1.260835E-01 -2.930934E+01
   1.269658E-01 -2.931951E+01
   1.278482E-01 -2.933099E+01
   1.296129E-01 -2.935792E+01
   1.304952E-01 -2.937337E+01
   1.313776E-01 -2.939016E+01
   1.322599E-01 -2.940829E+01
   1.331423E-01 -2.942776E+01
   1.349069E-01 -2.947079E+01
   1.366716E-01 -2.951927E+01
   1.388958E-01 -2.958824E+01
   1.411200E-01 -2.966605E+01
   1.422321E-01 -2.970829E+01
   1.433442E-01 -2.975279E+01
   1.444563E-01 -2.979953E+01
   1.455684E-01 -2.984854E+01
   1.466805E-01 -2.989983E+01
   1.477926E-01 -2.995340E+01
   1.489047E-01 -3.000927E+01
   1.500167E-01 -3.006745E+01
   1.511288E-01 -3.012794E+01
   1.522409E-01 -3.019075E+01
   1.533530E-01 -3.025590E+01
   1.544651E-01 -3.032339E+01
   1.555772E-01 -3.039323E+01
   1.566893E-01 -3.046544E+01
   1.578014E-01 -3.054001E+01
   1.589135E-01 -3.061696E+01
   1.600256E-01 -3.069629E+01
   1.611377E-01 -3.077802E+01
   1.622498E-01 -3.086215E+01
   1.633619E-01 -3.094868E+01
   1.644739E-01 -3.103762E+01
   1.655860E-01 -3.112899E+01
   1.666981E-01 -3.122278E+01
   1.678102E-01 -3.131900E+01
   1.689223E-01 -3.141766E+01
   1.700344E-01 -3.151876E+01
   1.711465E-01 -3.162230E+01
   1.722586E-01 -3.172830E+01
   1.736603E-01 -3.186539E+01
   1.750619E-01 -3.200639E+01
   1.764636E-01 -3.215130E+01
   1.778652E-01 -3.230013E+01
   1.792669E-01 -3.245287E+01
   1.806686E-01 -3.260954E+01
   1.820702E-01 -3.277013E+01
   1.834719E-01 -3.293465E+01
   1.848736E-01 -3.310309E+01
   1.862752E-01 -3.327545E+01
   1.876769E-01 -3.345173E+01
   1.890785E-01 -3.363192E+01
   1.904802E-01 -3.381601E+01
   1.918819E-01 -3.400399E+01
   1.932835E-01 -3.419587E+01
   1.946852E-01 -3.439161E+01
   1.960869E-01 -3.459122E+01
   1.974885E-01 -3.479467E+01
   1.988902E-01 -3.500195E+01
   2.002918E-01 -3.521304E+01
   2.009927E-01 -3.532001E+01
   2.016935E-01 -3.542792E+01
   2.023943E-01 -3.553678E+01
   2.030952E-01 -3.564657E+01
   2.037960E-01 -3.575730E+01
   2.044968E-01 -3.586896E+01
   2.051977E-01 -3.598155E+01
   2.058985E-01 -3.609506E+01
   2.065993E-01 -3.620950E+01
   2.073002E-01 -3.632485E+01
   2.080010E-01 -3.644112E+01
   2.087018E-01 -3.655830E+01
   2.094027E-01 -3.667639E+01
   2.101035E-01 -3.679537E+01
   2.108043E-01 -3.691526E+01
   2.115051E-01 -3.703603E+01
   2.122060E-01 -3.715770E+01
   2.129068E-01 -3.728024E+01
   2.136076E-01 -3.740366E+01
   2.143085E-01 -3.752796E+01
   2.150093E-01 -3.765312E+01
   2.157101E-01 -3.777914E+01
   2.164110E-01 -3.790602E+01
   2.171118E-01 -3.803375E+01
   2.179951E-01 -3.819594E+01
   2.188784E-01 -3.835945E+01
   2.197617E-01 -3.852428E+01
   2.206451E-01 -3.869042E+01
   2.215284E-01 -3.885783E+01
   2.224117E-01 -3.902653E+01
   2.232950E-01 -3.919648E+01
   2.241783E-01 -3.936767E+01
   2.250616E-01 -3.954009E+01
   2.259450E-01 -3.971373E+01
   2.263866E-01 -3.980099E+01
   2.268283E-01 -3.988856E+01
   2.277116E-01 -4.006457E+01
   2.285949E-01 -4.024174E+01
   2.294782E-01 -4.042005E+01
   2.303615E-01 -4.059949E+01
   2.312448E-01 -4.078003E+01
   2.316865E-01 -4.087071E+01
   2.321282E-01 -4.096166E+01
   2.330115E-01 -4.114436E+01
   2.338948E-01 -4.132810E+01
   2.347781E-01 -4.151287E+01
   2.356614E-01 -4.169864E+01
   2.365447E-01 -4.188539E+01
   2.374281E-01 -4.207311E+01
   2.383114E-01 -4.226176E+01
   2.391947E-01 -4.245132E+01
   2.400780E-01 -4.264177E+01
   2.409613E-01 -4.283309E+01
   2.418446E-01 -4.302524E+01
   2.422863E-01 -4.312163E+01
   2.427280E-01 -4.321821E+01
   2.436113E-01 -4.341197E+01
   2.444946E-01 -4.360648E+01
   2.453779E-01 -4.380173E+01
   2.462612E-01 -4.399769E+01
   2.471445E-01 -4.419432E+01
   2.480278E-01 -4.439159E+01
   2.489112E-01 -4.458949E+01
   2.497945E-01 -4.478797E+01
   2.506778E-01 -4.498701E+01
   2.515611E-01 -4.518658E+01
   2.524444E-01 -4.538664E+01
   2.533277E-01 -4.558716E+01
   2.542111E-01 -4.578811E+01
   2.550944E-01 -4.598946E+01
   2.559777E-01 -4.619116E+01
   2.568610E-01 -4.639320E+01
   2.577443E-01 -4.659552E+01
   2.581860E-01 -4.669678E+01
   2.586276E-01 -4.679810E+01
   2.595109E-01 -4.700089E+01
   2.603943E-01 -4.720387E+01
   2.612776E-01 -4.740699E+01
   2.621609E-01 -4.761022E+01
   2.630442E-01 -4.781351E+01
   2.634859E-01 -4.791517E+01
   2.639275E-01 -4.801684E+01
   2.648108E-01 -4.822015E+01
   2.656942E-01 -4.842341E+01
   2.665775E-01 -4.862658E+01
   2.674608E-01 -4.882961E+01
   2.683441E-01 -4.903247E+01
   2.687858E-01 -4.913382E+01
   2.692274E-01 -4.923510E+01
   2.701107E-01 -4.943748E+01
   2.709941E-01 -4.963956E+01
   2.718774E-01 -4.984128E+01
   2.727607E-01 -5.004261E+01
   2.736440E-01 -5.024351E+01
   2.742007E-01 -5.036987E+01
   2.747573E-01 -5.049602E+01
   2.758706E-01 -5.074767E+01
   2.769839E-01 -5.099838E+01
   2.775406E-01 -5.112334E+01
   2.780973E-01 -5.124803E+01
   2.786539E-01 -5.137244E+01
   2.792106E-01 -5.149654E+01
   2.803239E-01 -5.174382E+01
   2.814372E-01 -5.198977E+01
   2.825505E-01 -5.223428E+01
   2.836638E-01 -5.247726E+01
   2.847772E-01 -5.271861E+01
   2.858905E-01 -5.295823E+01
   2.870038E-01 -5.319601E+01
   2.881171E-01 -5.343187E+01
   2.892304E-01 -5.366568E+01
   2.897871E-01 -5.378179E+01
   2.903437E-01 -5.389736E+01
   2.914571E-01 -5.412679E+01
   2.925704E-01 -5.435387E+01
   2.936837E-01 -5.457850E+01
   2.947970E-01 -5.480057E+01
   2.953537E-01 -5.491062E+01
   2.959103E-01 -5.501998E+01
   2.970236E-01 -5.523663E+01
   2.981370E-01 -5.545040E+01
   3.003636E-01 -5.586889E+01
   3.025902E-01 -5.627463E+01
   3.037035E-01 -5.647246E+01
   3.048168E-01 -5.666678E+01
   3.059302E-01 -5.685749E+01
   3.070435E-01 -5.704450E+01
   3.081568E-01 -5.722769E+01
   3.092701E-01 -5.740697E+01
   3.103834E-01 -5.758223E+01
   3.114967E-01 -5.775337E+01
   3.126101E-01 -5.792030E+01
   3.137234E-01 -5.808292E+01
   3.148367E-01 -5.824113E+01
   3.159500E-01 -5.839483E+01
   3.170633E-01 -5.854394E+01
   3.181766E-01 -5.868835E+01
   3.192900E-01 -5.882799E+01
   3.204033E-01 -5.896275E+01
   3.215166E-01 -5.909256E+01
   3.226299E-01 -5.921732E+01
   3.237432E-01 -5.933696E+01
   3.248565E-01 -5.945139E+01
   3.259699E-01 -5.956054E+01
   3.270832E-01 -5.966433E+01
   3.281965E-01 -5.976268E+01
   3.293098E-01 -5.985553E+01
   3.304231E-01 -5.994281E+01
   3.315364E-01 -6.002444E+01
   3.326497E-01 -6.010038E+01
   3.337631E-01 -6.017055E+01
   3.343197E-01 -6.020346E+01
   3.348764E-01 -6.023490E+01
   3.354330E-01 -6.026488E+01
   3.359897E-01 -6.029339E+01
   3.365464E-01 -6.032041E+01
   3.371030E-01 -6.034595E+01
   3.376597E-01 -6.036999E+01
   3.382163E-01 -6.039254E+01
   3.387730E-01 -6.041358E+01
   3.393296E-01 -6.043311E+01
   3.398863E-01 -6.045113E+01
   3.404430E-01 -6.046764E+01
   3.409996E-01 -6.048262E+01
   3.415563E-01 -6.049607E+01
   3.421129E-01 -6.050800E+01
   3.426696E-01 -6.051839E+01
   3.432263E-01 -6.052724E+01
   3.437829E-01 -6.053455E+01
   3.443396E-01 -6.054032E+01
   3.448962E-01 -6.054454E+01
   3.455978E-01 -6.054765E+01
   3.462994E-01 -6.054830E+01
   3.470010E-01 -6.054647E+01
   3.477026E-01 -6.054218E+01
   3.484042E-01 -6.053540E+01
   3.491058E-01 -6.052615E+01
   3.498074E-01 -6.051442E+01
   3.505090E-01 -6.050021E+01
   3.512106E-01 -6.048352E+01
   3.519122E-01 -6.046435E+01
   3.526139E-01 -6.044270E+01
   3.533155E-01 -6.041858E+01
   3.540171E-01 -6.039198E+01
   3.547187E-01 -6.036291E+01
   3.554203E-01 -6.033137E+01
   3.561219E-01 -6.029737E+01
   3.568235E-01 -6.026091E+01
   3.575251E-01 -6.022201E+01
   3.582267E-01 -6.018065E+01
   3.589283E-01 -6.013686E+01
   3.596299E-01 -6.009064E+01
   3.603315E-01 -6.004200E+01
   3.610331E-01 -5.999095E+01
   3.617347E-01 -5.993749E+01
   3.624363E-01 -5.988165E+01
   3.631379E-01 -5.982342E+01
   3.638395E-01 -5.976282E+01
   3.645411E-01 -5.969987E+01
   3.652427E-01 -5.963457E+01
   3.659443E-01 -5.956694E+01
   3.666459E-01 -5.949700E+01
   3.673475E-01 -5.942476E+01
   3.687507E-01 -5.927344E+01
   3.694523E-01 -5.919439E+01
   3.701539E-01 -5.911311E+01
   3.708555E-01 -5.902962E+01
   3.715571E-01 -5.894393E+01
   3.729603E-01 -5.876603E+01
   3.736619E-01 -5.867386E+01
   3.743635E-01 -5.857958E+01
   3.750651E-01 -5.848320E+01
   3.757667E-01 -5.838475E+01
   3.764683E-01 -5.828425E+01
   3.771699E-01 -5.818172E+01
   3.778715E-01 -5.807719E+01
   3.785731E-01 -5.797068E+01
   3.792747E-01 -5.786221E+01
   3.799763E-01 -5.775182E+01
   3.806779E-01 -5.763952E+01
   3.813795E-01 -5.752534E+01
   3.820811E-01 -5.740931E+01
   3.827827E-01 -5.729145E+01
   3.834844E-01 -5.717180E+01
   3.841860E-01 -5.705038E+01
   3.848876E-01 -5.692721E+01
   3.855892E-01 -5.680233E+01
   3.862908E-01 -5.667577E+01
   3.869924E-01 -5.654755E+01
   3.876940E-01 -5.641770E+01
   3.883956E-01 -5.628626E+01
   3.890972E-01 -5.615325E+01
   3.897988E-01 -5.601871E+01
   3.905004E-01 -5.588266E+01
   3.912020E-01 -5.574513E+01
   3.919036E-01 -5.560616E+01
   3.926052E-01 -5.546578E+01
   3.940084E-01 -5.518091E+01
   3.954116E-01 -5.489076E+01
   3.968148E-01 -5.459560E+01
   3.982180E-01 -5.429569E+01
   4.010244E-01 -5.368263E+01
   4.017260E-01 -5.352680E+01
   4.024276E-01 -5.337001E+01
   4.031292E-01 -5.321229E+01
   4.038308E-01 -5.305368E+01
   4.045324E-01 -5.289420E+01
   4.052340E-01 -5.273389E+01
   4.059356E-01 -5.257278E+01
   4.066372E-01 -5.241090E+01
   4.073388E-01 -5.224829E+01
   4.080404E-01 -5.208498E+01
   4.087420E-01 -5.192099E+01
   4.094436E-01 -5.175637E+01
   4.101452E-01 -5.159114E+01
   4.108468E-01 -5.142533E+01
   4.115484E-01 -5.125897E+01
   4.122500E-01 -5.109210E+01
   4.129516E-01 -5.092474E+01
   4.136532E-01 -5.075693E+01
   4.143549E-01 -5.058870E+01
   4.150565E-01 -5.042007E+01
   4.157581E-01 -5.025107E+01
   4.164597E-01 -5.008174E+01
   4.171613E-01 -4.991210E+01
   4.178629E-01 -4.974218E+01
   4.185645E-01 -4.957201E+01
   4.192661E-01 -4.940162E+01
   4.199677E-01 -4.923103E+01
   4.206693E-01 -4.906027E+01
   4.213709E-01 -4.888938E+01
   4.220725E-01 -4.871836E+01
   4.227741E-01 -4.854726E+01
   4.231249E-01 -4.846169E+01
   4.234757E-01 -4.837610E+01
   4.241773E-01 -4.820489E+01
   4.248789E-01 -4.803367E+01
   4.255805E-01 -4.786247E+01
   4.262821E-01 -4.769129E+01
   4.269837E-01 -4.752018E+01
   4.273345E-01 -4.743465E+01
   4.276853E-01 -4.734914E+01
   4.283869E-01 -4.717821E+01
   4.290885E-01 -4.700741E+01
   4.297901E-01 -4.683675E+01
   4.301409E-01 -4.675148E+01
   4.304917E-01 -4.666626E+01
   4.311933E-01 -4.649596E+01
   4.318949E-01 -4.632587E+01
   4.325965E-01 -4.615601E+01
   4.332981E-01 -4.598640E+01
   4.339997E-01 -4.581706E+01
   4.347013E-01 -4.564800E+01
   4.355856E-01 -4.543536E+01
   4.364699E-01 -4.522324E+01
   4.373542E-01 -4.501167E+01
   4.382385E-01 -4.480069E+01
   4.391228E-01 -4.459033E+01
   4.400070E-01 -4.438061E+01
   4.408913E-01 -4.417157E+01
   4.413335E-01 -4.406731E+01
   4.417756E-01 -4.396323E+01
   4.426599E-01 -4.375563E+01
   4.435442E-01 -4.354878E+01
   4.444285E-01 -4.334271E+01
   4.453128E-01 -4.313745E+01
   4.461971E-01 -4.293302E+01
   4.466392E-01 -4.283112E+01
   4.470813E-01 -4.272944E+01
   4.479656E-01 -4.252672E+01
   4.488499E-01 -4.232490E+01
   4.497342E-01 -4.212398E+01
   4.506185E-01 -4.192398E+01
   4.515028E-01 -4.172492E+01
   4.523871E-01 -4.152682E+01
   4.532714E-01 -4.132969E+01
   4.541556E-01 -4.113354E+01
   4.550399E-01 -4.093839E+01
   4.559242E-01 -4.074424E+01
   4.568085E-01 -4.055110E+01
   4.576928E-01 -4.035900E+01
   4.585771E-01 -4.016793E+01
   4.594614E-01 -3.997790E+01
   4.603457E-01 -3.978893E+01
   4.612299E-01 -3.960101E+01
   4.621142E-01 -3.941415E+01
   4.629985E-01 -3.922836E+01
   4.638828E-01 -3.904365E+01
   4.647671E-01 -3.886001E+01
   4.656514E-01 -3.867745E+01
   4.665357E-01 -3.849598E+01
   4.674200E-01 -3.831558E+01
   4.683042E-01 -3.813628E+01
   4.691885E-01 -3.795806E+01
   4.700728E-01 -3.778092E+01
   4.709571E-01 -3.760488E+01
   4.718414E-01 -3.742992E+01
   4.727257E-01 -3.725604E+01
   4.736100E-01 -3.708325E+01
   4.744943E-01 -3.691153E+01
   4.753785E-01 -3.674090E+01
   4.762628E-01 -3.657135E+01
   4.771471E-01 -3.640286E+01
   4.780314E-01 -3.623545E+01
   4.789157E-01 -3.606910E+01
   4.798000E-01 -3.590382E+01
   4.806843E-01 -3.573959E+01
   4.824528E-01 -3.541430E+01
   4.833371E-01 -3.525322E+01
   4.842214E-01 -3.509318E+01
   4.851057E-01 -3.493417E+01
   4.859900E-01 -3.477619E+01
   4.868743E-01 -3.461924E+01
   4.877586E-01 -3.446330E+01
   4.895271E-01 -3.415444E+01
   4.912957E-01 -3.384958E+01
   4.930643E-01 -3.354867E+01
   4.948329E-01 -3.325164E+01
   4.966014E-01 -3.295845E+01
   4.983700E-01 -3.266904E+01
   5.001386E-01 -3.238336E+01
   5.010229E-01 -3.224190E+01
   5.019072E-01 -3.210136E+01
   5.027915E-01 -3.196171E+01
   5.036757E-01 -3.182297E+01
   5.045600E-01 -3.168512E+01
   5.054443E-01 -3.154815E+01
   5.063286E-01 -3.141206E+01
   5.072129E-01 -3.127684E+01
   5.080972E-01 -3.114248E+01
   5.089815E-01 -3.100898E+01
   5.098658E-01 -3.087633E+01
   5.107500E-01 -3.074453E+01
   5.125186E-01 -3.048342E+01
   5.134029E-01 -3.035411E+01
   5.142872E-01 -3.022562E+01
   5.151715E-01 -3.009793E+01
   5.160558E-01 -2.997105E+01
   5.178243E-01 -2.971968E+01
   5.187086E-01 -2.959518E+01
   5.195929E-01 -2.947145E+01
   5.204772E-01 -2.934850E+01
   5.213615E-01 -2.922632E+01
   5.222458E-01 -2.910489E+01
   5.231301E-01 -2.898423E+01
   5.240144E-01 -2.886431E+01
   5.248986E-01 -2.874513E+01
   5.257829E-01 -2.862669E+01
   5.266672E-01 -2.850898E+01
   5.275515E-01 -2.839200E+01
   5.284358E-01 -2.827573E+01
   5.293201E-01 -2.816018E+01
   5.302044E-01 -2.804534E+01
   5.319729E-01 -2.781776E+01
   5.328572E-01 -2.770501E+01
   5.337415E-01 -2.759295E+01
   5.346258E-01 -2.748157E+01
   5.355101E-01 -2.737086E+01
   5.363944E-01 -2.726082E+01
   5.372787E-01 -2.715145E+01
   5.381630E-01 -2.704274E+01
   5.390472E-01 -2.693468E+01
   5.399315E-01 -2.682728E+01
   5.408158E-01 -2.672051E+01
   5.417001E-01 -2.661439E+01
   5.425844E-01 -2.650890E+01
   5.443530E-01 -2.629981E+01
   5.452373E-01 -2.619620E+01
   5.461215E-01 -2.609320E+01
   5.470058E-01 -2.599081E+01
   5.478901E-01 -2.588903E+01
   5.490047E-01 -2.576160E+01
   5.501192E-01 -2.563512E+01
   5.512337E-01 -2.550957E+01
   5.523483E-01 -2.538496E+01
   5.534628E-01 -2.526126E+01
   5.545774E-01 -2.513847E+01
   5.551346E-01 -2.507742E+01
   5.556919E-01 -2.501659E+01
   5.568064E-01 -2.489559E+01
   5.579210E-01 -2.477549E+01
   5.590355E-01 -2.465625E+01
   5.595928E-01 -2.459696E+01
   5.601501E-01 -2.453789E+01
   5.612646E-01 -2.442039E+01
   5.623791E-01 -2.430374E+01
   5.629364E-01 -2.424573E+01
   5.634937E-01 -2.418793E+01
   5.646082E-01 -2.407296E+01
   5.657228E-01 -2.395882E+01
   5.668373E-01 -2.384550E+01
   5.679519E-01 -2.373299E+01
   5.690664E-01 -2.362128E+01
   5.701809E-01 -2.351038E+01
   5.712955E-01 -2.340026E+01
   5.724100E-01 -2.329093E+01
   5.735246E-01 -2.318238E+01
   5.746391E-01 -2.307459E+01
   5.757536E-01 -2.296757E+01
   5.768682E-01 -2.286130E+01
   5.779827E-01 -2.275578E+01
   5.785400E-01 -2.270330E+01
   5.790973E-01 -2.265100E+01
   5.802118E-01 -2.254696E+01
   5.813263E-01 -2.244365E+01
   5.824409E-01 -2.234105E+01
   5.835554E-01 -2.223917E+01
   5.846700E-01 -2.213800E+01
   5.857845E-01 -2.203754E+01
   5.868990E-01 -2.193777E+01
   5.880136E-01 -2.183868E+01
   5.891281E-01 -2.174029E+01
   5.902427E-01 -2.164257E+01
   5.913572E-01 -2.154552E+01
   5.924718E-01 -2.144914E+01
   5.935863E-01 -2.135341E+01
   5.947008E-01 -2.125835E+01
   5.958154E-01 -2.116393E+01
   5.969299E-01 -2.107015E+01
   5.991590E-01 -2.088450E+01
   6.002735E-01 -2.079261E+01
   6.013881E-01 -2.070135E+01
   6.025026E-01 -2.061070E+01
   6.036172E-01 -2.052067E+01
   6.047317E-01 -2.043123E+01
   6.058462E-01 -2.034240E+01
   6.069608E-01 -2.025416E+01
   6.080753E-01 -2.016651E+01
   6.091899E-01 -2.007944E+01
   6.103044E-01 -1.999295E+01
   6.114189E-01 -1.990704E+01
   6.125335E-01 -1.982169E+01
   6.136480E-01 -1.973691E+01
   6.147626E-01 -1.965269E+01
   6.158771E-01 -1.956902E+01
   6.169917E-01 -1.948591E+01
   6.181062E-01 -1.940333E+01
   6.192207E-01 -1.932130E+01
   6.203353E-01 -1.923981E+01
   6.214498E-01 -1.915885E+01
   6.225644E-01 -1.907841E+01
   6.236789E-01 -1.899850E+01
   6.259080E-01 -1.884023E+01
   6.270225E-01 -1.876186E+01
   6.281371E-01 -1.868400E+01
   6.292516E-01 -1.860663E+01
   6.303661E-01 -1.852977E+01
   6.314807E-01 -1.845340E+01
   6.325952E-01 -1.837752E+01
   6.337098E-01 -1.830212E+01
   6.348243E-01 -1.822720E+01
   6.359388E-01 -1.815277E+01
   6.370534E-01 -1.807880E+01
   6.381679E-01 -1.800531E+01
   6.392825E-01 -1.793228E+01
   6.415116E-01 -1.778760E+01
   6.426261E-01 -1.771595E+01
   6.437406E-01 -1.764475E+01
   6.448552E-01 -1.757399E+01
   6.459697E-01 -1.750368E+01
   6.481988E-01 -1.736437E+01
   6.493133E-01 -1.729537E+01
   6.504279E-01 -1.722679E+01
   6.515424E-01 -1.715865E+01
   6.526570E-01 -1.709092E+01
   6.537715E-01 -1.702362E+01
   6.548860E-01 -1.695673E+01
   6.560006E-01 -1.689026E+01
   6.571151E-01 -1.682419E+01
   6.582297E-01 -1.675853E+01
   6.593442E-01 -1.669328E+01
   6.604587E-01 -1.662842E+01
   6.615733E-01 -1.656396E+01
   6.626878E-01 -1.649990E+01
   6.638024E-01 -1.643622E+01
   6.660315E-01 -1.631003E+01
   6.671460E-01 -1.624751E+01
   6.682605E-01 -1.618537E+01
   6.693751E-01 -1.612361E+01
   6.704896E-01 -1.606222E+01
   6.716042E-01 -1.600119E+01
   6.727187E-01 -1.594054E+01
   6.738332E-01 -1.588025E+01
   6.749478E-01 -1.582032E+01
   6.760623E-01 -1.576075E+01
   6.771769E-01 -1.570153E+01
   6.782914E-01 -1.564267E+01
   6.794059E-01 -1.558416E+01
   6.816350E-01 -1.546819E+01
   6.827496E-01 -1.541071E+01
   6.838641E-01 -1.535358E+01
   6.849786E-01 -1.529678E+01
   6.860932E-01 -1.524032E+01
   6.872077E-01 -1.518420E+01
   6.883223E-01 -1.512840E+01
   6.894368E-01 -1.507293E+01
   6.905514E-01 -1.501778E+01
   6.919561E-01 -1.494874E+01
   6.933608E-01 -1.488020E+01
   6.947656E-01 -1.481217E+01
   6.961703E-01 -1.474464E+01
   6.975751E-01 -1.467760E+01
   6.989798E-01 -1.461105E+01
   6.996822E-01 -1.457795E+01
   7.003846E-01 -1.454498E+01
   7.017893E-01 -1.447940E+01
   7.031941E-01 -1.441429E+01
   7.045988E-01 -1.434965E+01
   7.053012E-01 -1.431750E+01
   7.060036E-01 -1.428548E+01
   7.074083E-01 -1.422177E+01
   7.088131E-01 -1.415852E+01
   7.095155E-01 -1.412707E+01
   7.102178E-01 -1.409573E+01
   7.116226E-01 -1.403338E+01
   7.130273E-01 -1.397148E+01
   7.144321E-01 -1.391003E+01
   7.158368E-01 -1.384901E+01
   7.172416E-01 -1.378843E+01
   7.186463E-01 -1.372827E+01
   7.200511E-01 -1.366855E+01
   7.214558E-01 -1.360924E+01
   7.228606E-01 -1.355036E+01
   7.242653E-01 -1.349189E+01
   7.256701E-01 -1.343383E+01
   7.270748E-01 -1.337618E+01
   7.284796E-01 -1.331893E+01
   7.298843E-01 -1.326209E+01
   7.326938E-01 -1.314958E+01
   7.340985E-01 -1.309392E+01
   7.355033E-01 -1.303864E+01
   7.369080E-01 -1.298375E+01
   7.383128E-01 -1.292923E+01
   7.397175E-01 -1.287509E+01
   7.411223E-01 -1.282133E+01
   7.425270E-01 -1.276793E+01
   7.439318E-01 -1.271491E+01
   7.453365E-01 -1.266224E+01
   7.467413E-01 -1.260994E+01
   7.481460E-01 -1.255799E+01
   7.495508E-01 -1.250640E+01
   7.509555E-01 -1.245516E+01
   7.523603E-01 -1.240427E+01
   7.551698E-01 -1.230352E+01
   7.565745E-01 -1.225365E+01
   7.579793E-01 -1.220412E+01
   7.593840E-01 -1.215493E+01
   7.607888E-01 -1.210606E+01
   7.621935E-01 -1.205753E+01
   7.635983E-01 -1.200932E+01
   7.650030E-01 -1.196143E+01
   7.664078E-01 -1.191386E+01
   7.678125E-01 -1.186661E+01
   7.692173E-01 -1.181968E+01
   7.706220E-01 -1.177305E+01
   7.720268E-01 -1.172674E+01
   7.734315E-01 -1.168073E+01
   7.748363E-01 -1.163502E+01
   7.762410E-01 -1.158962E+01
   7.776457E-01 -1.154452E+01
   7.790505E-01 -1.149971E+01
   7.804552E-01 -1.145520E+01
   7.818600E-01 -1.141098E+01
   7.832647E-01 -1.136705E+01
   7.846695E-01 -1.132341E+01
   7.860742E-01 -1.128005E+01
   7.888837E-01 -1.119417E+01
   7.902885E-01 -1.115166E+01
   7.916932E-01 -1.110941E+01
   7.930980E-01 -1.106744E+01
   7.945027E-01 -1.102574E+01
   7.959075E-01 -1.098431E+01
   7.973122E-01 -1.094315E+01
   7.987170E-01 -1.090225E+01
   8.001217E-01 -1.086162E+01
   8.015265E-01 -1.082124E+01
   8.029312E-01 -1.078112E+01
   8.043360E-01 -1.074126E+01
   8.057407E-01 -1.070166E+01
   8.085502E-01 -1.062320E+01
   8.099550E-01 -1.058434E+01
   8.113597E-01 -1.054573E+01
   8.127645E-01 -1.050737E+01
   8.141692E-01 -1.046924E+01
   8.169787E-01 -1.039371E+01
   8.183834E-01 -1.035631E+01
   8.197882E-01 -1.031913E+01
   8.211929E-01 -1.028219E+01
   8.225977E-01 -1.024548E+01
   8.240024E-01 -1.020900E+01
   8.254072E-01 -1.017275E+01
   8.268119E-01 -1.013673E+01
   8.282167E-01 -1.010092E+01
   8.296214E-01 -1.006534E+01
   8.310262E-01 -1.002998E+01
   8.324309E-01 -9.994843E+00
   8.338357E-01 -9.959920E+00
   8.352404E-01 -9.925212E+00
   8.366452E-01 -9.890718E+00
   8.394547E-01 -9.822365E+00
   8.408594E-01 -9.788503E+00
   8.422642E-01 -9.754849E+00
   8.436689E-01 -9.721400E+00
   8.450737E-01 -9.688155E+00
   8.464784E-01 -9.655113E+00
   8.478832E-01 -9.622273E+00
   8.492879E-01 -9.589632E+00
   8.506927E-01 -9.557189E+00
   8.520974E-01 -9.524943E+00
   8.535022E-01 -9.492892E+00
   8.549069E-01 -9.461034E+00
   8.563117E-01 -9.429369E+00
   8.591211E-01 -9.366610E+00
   8.605259E-01 -9.335513E+00
   8.619306E-01 -9.304603E+00
   8.633354E-01 -9.273878E+00
   8.647401E-01 -9.243337E+00
   8.661449E-01 -9.212978E+00
   8.675496E-01 -9.182800E+00
   8.689544E-01 -9.152802E+00
   8.703591E-01 -9.122983E+00
   8.721297E-01 -9.085651E+00
   8.739002E-01 -9.048598E+00
   8.756707E-01 -9.011821E+00
   8.774412E-01 -8.975318E+00
   8.792117E-01 -8.939086E+00
   8.809823E-01 -8.903122E+00
   8.818675E-01 -8.885241E+00
   8.827528E-01 -8.867425E+00
   8.845233E-01 -8.831992E+00
   8.880643E-01 -8.761906E+00
   8.898349E-01 -8.727249E+00
   8.916054E-01 -8.692847E+00
   8.933759E-01 -8.658696E+00
   8.951464E-01 -8.624795E+00
   8.986875E-01 -8.557734E+00
   9.004580E-01 -8.524568E+00
   9.022285E-01 -8.491644E+00
   9.039990E-01 -8.458958E+00
   9.057696E-01 -8.426509E+00
   9.075401E-01 -8.394294E+00
   9.093106E-01 -8.362311E+00
   9.110811E-01 -8.330558E+00
   9.128516E-01 -8.299034E+00
   9.146222E-01 -8.267736E+00
   9.163927E-01 -8.236662E+00
   9.181632E-01 -8.205810E+00
   9.199337E-01 -8.175179E+00
   9.217042E-01 -8.144766E+00
   9.234748E-01 -8.114569E+00
   9.252453E-01 -8.084586E+00
   9.270158E-01 -8.054817E+00
   9.305568E-01 -7.995907E+00
   9.323274E-01 -7.966764E+00
   9.340979E-01 -7.937826E+00
   9.358684E-01 -7.909092E+00
   9.376389E-01 -7.880559E+00
   9.394094E-01 -7.852227E+00
   9.411800E-01 -7.824093E+00
   9.429505E-01 -7.796155E+00
   9.447210E-01 -7.768412E+00
   9.464915E-01 -7.740862E+00
   9.482621E-01 -7.713504E+00
   9.518031E-01 -7.659356E+00
   9.535736E-01 -7.632562E+00
   9.553441E-01 -7.605954E+00
   9.571147E-01 -7.579530E+00
   9.588852E-01 -7.553287E+00
   9.606557E-01 -7.527224E+00
   9.624262E-01 -7.501341E+00
   9.641967E-01 -7.475635E+00
   9.659673E-01 -7.450105E+00
   9.677378E-01 -7.424749E+00
   9.695083E-01 -7.399566E+00
   9.712788E-01 -7.374555E+00
   9.730493E-01 -7.349713E+00
   9.748199E-01 -7.325040E+00
   9.765904E-01 -7.300535E+00
   9.783609E-01 -7.276195E+00
   9.801314E-01 -7.252020E+00
   9.819019E-01 -7.228008E+00
   9.836725E-01 -7.204158E+00
   9.854430E-01 -7.180468E+00
   9.872135E-01 -7.156937E+00
   9.889840E-01 -7.133563E+00
   9.907546E-01 -7.110347E+00
   9.942956E-01 -7.064377E+00
   9.960661E-01 -7.041622E+00
   9.978366E-01 -7.019019E+00
   9.996072E-01 -6.996565E+00
   1.001378E+00 -6.974261E+00
   1.003148E+00 -6.952104E+00
   1.004919E+00 -6.930093E+00
   1.006689E+00 -6.908228E+00
   1.008460E+00 -6.886507E+00
   1.010230E+00 -6.864929E+00
   1.012001E+00 -6.843493E+00
   1.013771E+00 -6.822197E+00
   1.015542E+00 -6.801041E+00
   1.019083E+00 -6.759143E+00
   1.020853E+00 -6.738399E+00
   1.022624E+00 -6.717790E+00
   1.024394E+00 -6.697315E+00
   1.026165E+00 -6.676973E+00
   1.029706E+00 -6.636684E+00
   1.031477E+00 -6.616734E+00
   1.033247E+00 -6.596913E+00
   1.035018E+00 -6.577220E+00
   1.036788E+00 -6.557654E+00
   1.038559E+00 -6.538214E+00
   1.040329E+00 -6.518898E+00
   1.042100E+00 -6.499706E+00
   1.043870E+00 -6.480636E+00
   1.045641E+00 -6.461689E+00
   1.047411E+00 -6.442862E+00
   1.049182E+00 -6.424155E+00
   1.050952E+00 -6.405568E+00
   1.052723E+00 -6.387098E+00
   1.054493E+00 -6.368745E+00
   1.058034E+00 -6.332388E+00
   1.059805E+00 -6.314381E+00
   1.061575E+00 -6.296488E+00
   1.063346E+00 -6.278707E+00
   1.065116E+00 -6.261038E+00
   1.066887E+00 -6.243480E+00
   1.068657E+00 -6.226032E+00
   1.070428E+00 -6.208693E+00
   1.072199E+00 -6.191463E+00
   1.073969E+00 -6.174340E+00
   1.075740E+00 -6.157324E+00
   1.077510E+00 -6.140414E+00
   1.079281E+00 -6.123608E+00
   1.082822E+00 -6.090310E+00
   1.084592E+00 -6.073815E+00
   1.086363E+00 -6.057422E+00
   1.088133E+00 -6.041130E+00
   1.089904E+00 -6.024938E+00
   1.093445E+00 -5.992853E+00
   1.095215E+00 -5.976958E+00
   1.096986E+00 -5.961160E+00
   1.099217E+00 -5.941387E+00
   1.101449E+00 -5.921765E+00
   1.103680E+00 -5.902294E+00
   1.105912E+00 -5.882972E+00
   1.110375E+00 -5.844770E+00
   1.112607E+00 -5.825887E+00
   1.114838E+00 -5.807147E+00
   1.117070E+00 -5.788550E+00
   1.119301E+00 -5.770094E+00
   1.121533E+00 -5.751777E+00
   1.123764E+00 -5.733599E+00
   1.125996E+00 -5.715557E+00
   1.128227E+00 -5.697652E+00
   1.130459E+00 -5.679880E+00
   1.132690E+00 -5.662242E+00
   1.134922E+00 -5.644736E+00
   1.137153E+00 -5.627361E+00
   1.141616E+00 -5.592998E+00
   1.143848E+00 -5.576008E+00
   1.146080E+00 -5.559143E+00
   1.148311E+00 -5.542404E+00
   1.150543E+00 -5.525788E+00
   1.152774E+00 -5.509295E+00
   1.155006E+00 -5.492923E+00
   1.157237E+00 -5.476672E+00
   1.159469E+00 -5.460540E+00
   1.163932E+00 -5.428629E+00
   1.166163E+00 -5.412848E+00
   1.168395E+00 -5.397182E+00
   1.170626E+00 -5.381630E+00
   1.172858E+00 -5.366191E+00
   1.175089E+00 -5.350863E+00
   1.177321E+00 -5.335647E+00
   1.179553E+00 -5.320540E+00
   1.181784E+00 -5.305543E+00
   1.184016E+00 -5.290653E+00
   1.186247E+00 -5.275870E+00
   1.190710E+00 -5.246621E+00
   1.192942E+00 -5.232153E+00
   1.195173E+00 -5.217788E+00
   1.197405E+00 -5.203526E+00
   1.199636E+00 -5.189365E+00
   1.201868E+00 -5.175304E+00
   1.204099E+00 -5.161343E+00
   1.206331E+00 -5.147481E+00
   1.208563E+00 -5.133716E+00
   1.210794E+00 -5.120048E+00
   1.213026E+00 -5.106477E+00
   1.215257E+00 -5.093000E+00
   1.217489E+00 -5.079618E+00
   1.219720E+00 -5.066330E+00
   1.221952E+00 -5.053134E+00
   1.224183E+00 -5.040030E+00
   1.226415E+00 -5.027017E+00
   1.228646E+00 -5.014095E+00
   1.230878E+00 -5.001262E+00
   1.233109E+00 -4.988518E+00
   1.235341E+00 -4.975862E+00
   1.237572E+00 -4.963293E+00
   1.239804E+00 -4.950811E+00
   1.244267E+00 -4.926103E+00
   1.246499E+00 -4.913875E+00
   1.248730E+00 -4.901731E+00
   1.250962E+00 -4.889670E+00
   1.253193E+00 -4.877691E+00
   1.255425E+00 -4.865794E+00
   1.257656E+00 -4.853977E+00
   1.259888E+00 -4.842240E+00
   1.262119E+00 -4.830582E+00
   1.264351E+00 -4.819003E+00
   1.266582E+00 -4.807502E+00
   1.268814E+00 -4.796078E+00
   1.271045E+00 -4.784731E+00
   1.275509E+00 -4.762264E+00
   1.277740E+00 -4.751143E+00
   1.279972E+00 -4.740096E+00
   1.282203E+00 -4.729122E+00
   1.284435E+00 -4.718221E+00
   1.288898E+00 -4.696636E+00
   1.291129E+00 -4.685950E+00
   1.293361E+00 -4.675334E+00
   1.295592E+00 -4.664788E+00
   1.297824E+00 -4.654312E+00
   1.300055E+00 -4.643904E+00
   1.302287E+00 -4.633564E+00
   1.304518E+00 -4.623292E+00
   1.306750E+00 -4.613086E+00
   1.308982E+00 -4.602947E+00
   1.311213E+00 -4.592874E+00
   1.313445E+00 -4.582866E+00
   1.315676E+00 -4.572923E+00
   1.317908E+00 -4.563043E+00
   1.320139E+00 -4.553228E+00
   1.324602E+00 -4.533786E+00
   1.326834E+00 -4.524159E+00
   1.329065E+00 -4.514593E+00
   1.331297E+00 -4.505088E+00
   1.333528E+00 -4.495643E+00
   1.337991E+00 -4.476934E+00
   1.342455E+00 -4.458462E+00
   1.344686E+00 -4.449313E+00
   1.346918E+00 -4.440222E+00
   1.349149E+00 -4.431188E+00
   1.351381E+00 -4.422210E+00
   1.355844E+00 -4.404424E+00
   1.358075E+00 -4.395614E+00
   1.360307E+00 -4.386859E+00
   1.362538E+00 -4.378159E+00
   1.364770E+00 -4.369512E+00
   1.369233E+00 -4.352379E+00
   1.373696E+00 -4.335457E+00
   1.378159E+00 -4.318743E+00
   1.382622E+00 -4.302233E+00
   1.385435E+00 -4.291932E+00
   1.388247E+00 -4.281709E+00
   1.391060E+00 -4.271565E+00
   1.393873E+00 -4.261499E+00
   1.396685E+00 -4.251509E+00
   1.399498E+00 -4.241594E+00
   1.402310E+00 -4.231755E+00
   1.405123E+00 -4.221991E+00
   1.407935E+00 -4.212300E+00
   1.410748E+00 -4.202681E+00
   1.413561E+00 -4.193135E+00
   1.416373E+00 -4.183661E+00
   1.421998E+00 -4.164923E+00
   1.424811E+00 -4.155658E+00
   1.427624E+00 -4.146462E+00
   1.430436E+00 -4.137335E+00
   1.433249E+00 -4.128274E+00
   1.436061E+00 -4.119280E+00
   1.438874E+00 -4.110352E+00
   1.441687E+00 -4.101489E+00
   1.444499E+00 -4.092692E+00
   1.447312E+00 -4.083958E+00
   1.450124E+00 -4.075287E+00
   1.452937E+00 -4.066680E+00
   1.455749E+00 -4.058134E+00
   1.461375E+00 -4.041228E+00
   1.464187E+00 -4.032866E+00
   1.467000E+00 -4.024563E+00
   1.469812E+00 -4.016320E+00
   1.472625E+00 -4.008136E+00
   1.478250E+00 -3.991940E+00
   1.481063E+00 -3.983929E+00
   1.483875E+00 -3.975973E+00
   1.489501E+00 -3.960230E+00
   1.492313E+00 -3.952441E+00
   1.495126E+00 -3.944706E+00
   1.497938E+00 -3.937025E+00
   1.500751E+00 -3.929397E+00
   1.506376E+00 -3.914300E+00
   1.509189E+00 -3.906829E+00
   1.512001E+00 -3.899410E+00
   1.514814E+00 -3.892041E+00
   1.517626E+00 -3.884723E+00
   1.520439E+00 -3.877455E+00
   1.523252E+00 -3.870236E+00
   1.526064E+00 -3.863066E+00
   1.528877E+00 -3.855944E+00
   1.531689E+00 -3.848871E+00
   1.534502E+00 -3.841845E+00
   1.537314E+00 -3.834866E+00
   1.540127E+00 -3.827934E+00
   1.545752E+00 -3.814208E+00
   1.548565E+00 -3.807413E+00
   1.551377E+00 -3.800664E+00
   1.557003E+00 -3.787298E+00
   1.559815E+00 -3.780681E+00
   1.562628E+00 -3.774107E+00
   1.568253E+00 -3.761088E+00
   1.573878E+00 -3.748237E+00
   1.576691E+00 -3.741874E+00
   1.579503E+00 -3.735552E+00
   1.582316E+00 -3.729271E+00
   1.585128E+00 -3.723030E+00
   1.590754E+00 -3.710667E+00
   1.593566E+00 -3.704545E+00
   1.596379E+00 -3.698461E+00
   1.599191E+00 -3.692416E+00
   1.602004E+00 -3.686409E+00
   1.607629E+00 -3.674508E+00
   1.613254E+00 -3.662756E+00
   1.618880E+00 -3.651149E+00
   1.624505E+00 -3.639685E+00
   1.630130E+00 -3.628362E+00
   1.635755E+00 -3.617178E+00
   1.641380E+00 -3.606129E+00
   1.647005E+00 -3.595213E+00
   1.652631E+00 -3.584428E+00
   1.658256E+00 -3.573772E+00
   1.661068E+00 -3.568491E+00
   1.663881E+00 -3.563242E+00
   1.669506E+00 -3.552836E+00
   1.675131E+00 -3.542553E+00
   1.680756E+00 -3.532389E+00
   1.686382E+00 -3.522343E+00
   1.692007E+00 -3.512413E+00
   1.697632E+00 -3.502597E+00
   1.703257E+00 -3.492893E+00
   1.708882E+00 -3.483299E+00
   1.714508E+00 -3.473813E+00
   1.720133E+00 -3.464434E+00
   1.725758E+00 -3.455159E+00
   1.731383E+00 -3.445986E+00
   1.737008E+00 -3.436915E+00
   1.742633E+00 -3.427943E+00
   1.746178E+00 -3.422339E+00
   1.749723E+00 -3.416773E+00
   1.753268E+00 -3.411246E+00
   1.756813E+00 -3.405756E+00
   1.763903E+00 -3.394887E+00
   1.767448E+00 -3.389508E+00
   1.770993E+00 -3.384164E+00
   1.778083E+00 -3.373584E+00
   1.781628E+00 -3.368347E+00
   1.785173E+00 -3.363144E+00
   1.788718E+00 -3.357975E+00
   1.792263E+00 -3.352840E+00
   1.799352E+00 -3.342670E+00
   1.806442E+00 -3.332632E+00
   1.809987E+00 -3.327661E+00
   1.813532E+00 -3.322723E+00
   1.820622E+00 -3.312939E+00
   1.827712E+00 -3.303279E+00
   1.834802E+00 -3.293740E+00
   1.841892E+00 -3.284320E+00
   1.848982E+00 -3.275016E+00
   1.852526E+00 -3.270407E+00
   1.856071E+00 -3.265827E+00
   1.863161E+00 -3.256749E+00
   1.870251E+00 -3.247780E+00
   1.877341E+00 -3.238920E+00
   1.884431E+00 -3.230164E+00
   1.891521E+00 -3.221512E+00
   1.895066E+00 -3.217224E+00
   1.898611E+00 -3.212961E+00
   1.905701E+00 -3.204510E+00
   1.912790E+00 -3.196157E+00
   1.919880E+00 -3.187899E+00
   1.926970E+00 -3.179735E+00
   1.934060E+00 -3.171663E+00
   1.941150E+00 -3.163682E+00
   1.948240E+00 -3.155789E+00
   1.955330E+00 -3.147983E+00
   1.962420E+00 -3.140263E+00
   1.969509E+00 -3.132627E+00
   1.976599E+00 -3.125074E+00
   1.983689E+00 -3.117601E+00
   1.990779E+00 -3.110208E+00
   1.994324E+00 -3.106540E+00
   1.997869E+00 -3.102892E+00
   2.004959E+00 -3.095654E+00
   2.012049E+00 -3.088491E+00
   2.019139E+00 -3.081401E+00
   2.026228E+00 -3.074385E+00
   2.033318E+00 -3.067439E+00
   2.040408E+00 -3.060564E+00
   2.047498E+00 -3.053758E+00
   2.054588E+00 -3.047020E+00
   2.061678E+00 -3.040348E+00
   2.068768E+00 -3.033742E+00
   2.075858E+00 -3.027200E+00
   2.082947E+00 -3.020721E+00
   2.090037E+00 -3.014304E+00
   2.093582E+00 -3.011119E+00
   2.097127E+00 -3.007949E+00
   2.104217E+00 -3.001654E+00
   2.111307E+00 -2.995418E+00
   2.118397E+00 -2.989240E+00
   2.125487E+00 -2.983120E+00
   2.132576E+00 -2.977056E+00
   2.139666E+00 -2.971047E+00
   2.146756E+00 -2.965093E+00
   2.153846E+00 -2.959193E+00
   2.160936E+00 -2.953345E+00
   2.168026E+00 -2.947550E+00
   2.175116E+00 -2.941805E+00
   2.182206E+00 -2.936111E+00
   2.189295E+00 -2.930467E+00
   2.196385E+00 -2.924872E+00
   2.205321E+00 -2.917888E+00
   2.214257E+00 -2.910979E+00
   2.223193E+00 -2.904144E+00
   2.232129E+00 -2.897380E+00
   2.241065E+00 -2.890688E+00
   2.250001E+00 -2.884066E+00
   2.258937E+00 -2.877511E+00
   2.267873E+00 -2.871024E+00
   2.276809E+00 -2.864603E+00
   2.285745E+00 -2.858246E+00
   2.294681E+00 -2.851953E+00
   2.303617E+00 -2.845723E+00
   2.312553E+00 -2.839553E+00
   2.321489E+00 -2.833444E+00
   2.330425E+00 -2.827395E+00
   2.339361E+00 -2.821403E+00
   2.348297E+00 -2.815469E+00
   2.357233E+00 -2.809591E+00
   2.366169E+00 -2.803769E+00
   2.375105E+00 -2.798001E+00
   2.384040E+00 -2.792287E+00
   2.392976E+00 -2.786626E+00
   2.401912E+00 -2.781016E+00
   2.406380E+00 -2.778231E+00
   2.410848E+00 -2.775458E+00
   2.419784E+00 -2.769950E+00
   2.428720E+00 -2.764491E+00
   2.437656E+00 -2.759082E+00
   2.446592E+00 -2.753720E+00
   2.455528E+00 -2.748406E+00
   2.464464E+00 -2.743138E+00
   2.473400E+00 -2.737916E+00
   2.482336E+00 -2.732739E+00
   2.491272E+00 -2.727607E+00
   2.500208E+00 -2.722519E+00
   2.509144E+00 -2.717474E+00
   2.518080E+00 -2.712472E+00
   2.527016E+00 -2.707512E+00
   2.535952E+00 -2.702594E+00
   2.553824E+00 -2.692879E+00
   2.562760E+00 -2.688082E+00
   2.571696E+00 -2.683324E+00
   2.580632E+00 -2.678605E+00
   2.589567E+00 -2.673924E+00
   2.607439E+00 -2.664675E+00
   2.616375E+00 -2.660106E+00
   2.625311E+00 -2.655574E+00
   2.634247E+00 -2.651077E+00
   2.643183E+00 -2.646616E+00
   2.652119E+00 -2.642190E+00
   2.661055E+00 -2.637798E+00
   2.669991E+00 -2.633441E+00
   2.678927E+00 -2.629117E+00
   2.687863E+00 -2.624826E+00
   2.696799E+00 -2.620569E+00
   2.705735E+00 -2.616344E+00
   2.714671E+00 -2.612152E+00
   2.723607E+00 -2.607991E+00
   2.732543E+00 -2.603862E+00
   2.741479E+00 -2.599763E+00
   2.750415E+00 -2.595696E+00
   2.768287E+00 -2.587652E+00
   2.779549E+00 -2.582644E+00
   2.790812E+00 -2.577683E+00
   2.802075E+00 -2.572768E+00
   2.813338E+00 -2.567898E+00
   2.824600E+00 -2.563073E+00
   2.835863E+00 -2.558292E+00
   2.847126E+00 -2.553555E+00
   2.858388E+00 -2.548861E+00
   2.869651E+00 -2.544210E+00
   2.880914E+00 -2.539600E+00
   2.892177E+00 -2.535032E+00
   2.903439E+00 -2.530505E+00
   2.925965E+00 -2.521573E+00
   2.937228E+00 -2.517166E+00
   2.948490E+00 -2.512798E+00
   2.959753E+00 -2.508469E+00
   2.971016E+00 -2.504178E+00
   2.982278E+00 -2.499924E+00
   2.993541E+00 -2.495708E+00
   3.004804E+00 -2.491529E+00
   3.016067E+00 -2.487387E+00
   3.027329E+00 -2.483280E+00
   3.038592E+00 -2.479209E+00
   3.049855E+00 -2.475174E+00
   3.061118E+00 -2.471173E+00
   3.083643E+00 -2.463275E+00
   3.094906E+00 -2.459377E+00
   3.106168E+00 -2.455512E+00
   3.117431E+00 -2.451680E+00
   3.128694E+00 -2.447881E+00
   3.139957E+00 -2.444115E+00
   3.151219E+00 -2.440380E+00
   3.162482E+00 -2.436678E+00
   3.173745E+00 -2.433006E+00
   3.185008E+00 -2.429366E+00
   3.196270E+00 -2.425757E+00
   3.207533E+00 -2.422179E+00
   3.218796E+00 -2.418630E+00
   3.241321E+00 -2.411623E+00
   3.252584E+00 -2.408163E+00
   3.263847E+00 -2.404733E+00
   3.275109E+00 -2.401331E+00
   3.286372E+00 -2.397958E+00
   3.297635E+00 -2.394613E+00
   3.308898E+00 -2.391297E+00
   3.320160E+00 -2.388007E+00
   3.331423E+00 -2.384746E+00
   3.342686E+00 -2.381512E+00
   3.353948E+00 -2.378304E+00
   3.365211E+00 -2.375124E+00
   3.376474E+00 -2.371970E+00
   3.398999E+00 -2.365740E+00
   3.410262E+00 -2.362664E+00
   3.421525E+00 -2.359614E+00
   3.432788E+00 -2.356588E+00
   3.444050E+00 -2.353589E+00
   3.466576E+00 -2.347663E+00
   3.489101E+00 -2.341835E+00
   3.503297E+00 -2.338212E+00
   3.517492E+00 -2.334627E+00
   3.531687E+00 -2.331079E+00
   3.545883E+00 -2.327568E+00
   3.574273E+00 -2.320656E+00
   3.588469E+00 -2.317253E+00
   3.602664E+00 -2.313887E+00
   3.616859E+00 -2.310555E+00
   3.631055E+00 -2.307257E+00
   3.645250E+00 -2.303994E+00
   3.659445E+00 -2.300765E+00
   3.673641E+00 -2.297570E+00
   3.687836E+00 -2.294408E+00
   3.702031E+00 -2.291278E+00
   3.716227E+00 -2.288182E+00
   3.730422E+00 -2.285117E+00
   3.744618E+00 -2.282084E+00
   3.773008E+00 -2.276113E+00
   3.787204E+00 -2.273174E+00
   3.801399E+00 -2.270266E+00
   3.815594E+00 -2.267388E+00
   3.829790E+00 -2.264540E+00
   3.843985E+00 -2.261721E+00
   3.858180E+00 -2.258932E+00
   3.872376E+00 -2.256172E+00
   3.886571E+00 -2.253441E+00
   3.900766E+00 -2.250738E+00
   3.914962E+00 -2.248063E+00
   3.929157E+00 -2.245416E+00
   3.943352E+00 -2.242797E+00
   3.971743E+00 -2.237641E+00
   3.985938E+00 -2.235103E+00
   4.000134E+00 -2.232591E+00
   4.014329E+00 -2.230106E+00
   4.028525E+00 -2.227647E+00
   4.056915E+00 -2.222805E+00
   4.085306E+00 -2.218064E+00
   4.099501E+00 -2.215731E+00
   4.113697E+00 -2.213422E+00
   4.127892E+00 -2.211137E+00
   4.142087E+00 -2.208877E+00
   4.170478E+00 -2.204427E+00
   4.184673E+00 -2.202236E+00
   4.198869E+00 -2.200069E+00
   4.213064E+00 -2.197925E+00
   4.227259E+00 -2.195803E+00
   4.255650E+00 -2.191626E+00
   4.284041E+00 -2.187537E+00
   4.298236E+00 -2.185524E+00
   4.312432E+00 -2.183533E+00
   4.326627E+00 -2.181563E+00
   4.340822E+00 -2.179614E+00
   4.369213E+00 -2.175776E+00
   4.397604E+00 -2.172020E+00
   4.415495E+00 -2.169693E+00
   4.433387E+00 -2.167398E+00
   4.451278E+00 -2.165133E+00
   4.469170E+00 -2.162898E+00
   4.504953E+00 -2.158518E+00
   4.522845E+00 -2.156372E+00
   4.540736E+00 -2.154254E+00
   4.576519E+00 -2.150103E+00
   4.594411E+00 -2.148070E+00
   4.612303E+00 -2.146064E+00
   4.630194E+00 -2.144084E+00
   4.648086E+00 -2.142131E+00
   4.665977E+00 -2.140205E+00
   4.683869E+00 -2.138304E+00
   4.701760E+00 -2.136429E+00
   4.719652E+00 -2.134579E+00
   4.737544E+00 -2.132754E+00
   4.755435E+00 -2.130954E+00
   4.791218E+00 -2.127426E+00
   4.809110E+00 -2.125698E+00
   4.827001E+00 -2.123993E+00
   4.844893E+00 -2.122311E+00
   4.862785E+00 -2.120652E+00
   4.880676E+00 -2.119015E+00
   4.898568E+00 -2.117400E+00
   4.916459E+00 -2.115808E+00
   4.934351E+00 -2.114237E+00
   4.952242E+00 -2.112687E+00
   4.970134E+00 -2.111158E+00
   5.005917E+00 -2.108163E+00
   5.023809E+00 -2.106696E+00
   5.041700E+00 -2.105249E+00
   5.059592E+00 -2.103821E+00
   5.077484E+00 -2.102413E+00
   5.113267E+00 -2.099654E+00
   5.149050E+00 -2.096971E+00
   5.166941E+00 -2.095656E+00
   5.184833E+00 -2.094359E+00
   5.220616E+00 -2.091819E+00
   5.256399E+00 -2.089348E+00
   5.292182E+00 -2.086944E+00
   5.310074E+00 -2.085767E+00
   5.327966E+00 -2.084606E+00
   5.345857E+00 -2.083461E+00
   5.363749E+00 -2.082332E+00
   5.399532E+00 -2.080119E+00
   5.417423E+00 -2.079036E+00
   5.435315E+00 -2.077967E+00
   5.453207E+00 -2.076913E+00
   5.471098E+00 -2.075874E+00
   5.506881E+00 -2.073838E+00
   5.542665E+00 -2.071858E+00
   5.565215E+00 -2.070638E+00
   5.587765E+00 -2.069439E+00
   5.610315E+00 -2.068262E+00
   5.632865E+00 -2.067104E+00
   5.677966E+00 -2.064850E+00
   5.700516E+00 -2.063752E+00
   5.723066E+00 -2.062673E+00
   5.745617E+00 -2.061613E+00
   5.768167E+00 -2.060571E+00
   5.790717E+00 -2.059548E+00
   5.813267E+00 -2.058542E+00
   5.835818E+00 -2.057554E+00
   5.858368E+00 -2.056584E+00
   5.880918E+00 -2.055630E+00
   5.903468E+00 -2.054693E+00
   5.926019E+00 -2.053772E+00
   5.948569E+00 -2.052868E+00
   5.993669E+00 -2.051106E+00
   6.016220E+00 -2.050248E+00
   6.038770E+00 -2.049405E+00
   6.061320E+00 -2.048577E+00
   6.083870E+00 -2.047763E+00
   6.106420E+00 -2.046964E+00
   6.128971E+00 -2.046178E+00
   6.151521E+00 -2.045407E+00
   6.174071E+00 -2.044649E+00
   6.196621E+00 -2.043904E+00
   6.219172E+00 -2.043172E+00
   6.241722E+00 -2.042453E+00
   6.264272E+00 -2.041747E+00
   6.309373E+00 -2.040372E+00
   6.331923E+00 -2.039702E+00
   6.354473E+00 -2.039044E+00
   6.377023E+00 -2.038397E+00
   6.399574E+00 -2.037762E+00
   6.422124E+00 -2.037139E+00
   6.444674E+00 -2.036526E+00
   6.467224E+00 -2.035924E+00
   6.489775E+00 -2.035332E+00
   6.512325E+00 -2.034751E+00
   6.534875E+00 -2.034180E+00
   6.557425E+00 -2.033619E+00
   6.579975E+00 -2.033068E+00
   6.625076E+00 -2.031995E+00
   6.670176E+00 -2.030959E+00
   6.715277E+00 -2.029959E+00
   6.760377E+00 -2.028994E+00
   6.805478E+00 -2.028063E+00
   6.850578E+00 -2.027164E+00
   6.895679E+00 -2.026297E+00
   6.940779E+00 -2.025459E+00
   6.985880E+00 -2.024651E+00
   7.014302E+00 -2.024156E+00
   7.042724E+00 -2.023672E+00
   7.071146E+00 -2.023199E+00
   7.099567E+00 -2.022736E+00
   7.156411E+00 -2.021841E+00
   7.184833E+00 -2.021408E+00
   7.213255E+00 -2.020985E+00
   7.241677E+00 -2.020571E+00
   7.270099E+00 -2.020166E+00
   7.298521E+00 -2.019770E+00
   7.326943E+00 -2.019383E+00
   7.355365E+00 -2.019004E+00
   7.383787E+00 -2.018634E+00
   7.412209E+00 -2.018271E+00
   7.440631E+00 -2.017917E+00
   7.469053E+00 -2.017570E+00
   7.497475E+00 -2.017231E+00
   7.554318E+00 -2.016575E+00
   7.582740E+00 -2.016258E+00
   7.611162E+00 -2.015948E+00
   7.639584E+00 -2.015644E+00
   7.668006E+00 -2.015347E+00
   7.724850E+00 -2.014773E+00
   7.753272E+00 -2.014495E+00
   7.781694E+00 -2.014223E+00
   7.810116E+00 -2.013957E+00
   7.838538E+00 -2.013697E+00
   7.895382E+00 -2.013193E+00
   7.952226E+00 -2.012711E+00
   8.009069E+00 -2.012250E+00
   8.065913E+00 -2.011808E+00
   8.122757E+00 -2.011386E+00
   8.179601E+00 -2.010981E+00
   8.236445E+00 -2.010593E+00
   8.293289E+00 -2.010222E+00
   8.350133E+00 -2.009866E+00
   8.406976E+00 -2.009526E+00
   8.463820E+00 -2.009199E+00
   8.520664E+00 -2.008887E+00
   8.577508E+00 -2.008587E+00
   8.634352E+00 -2.008300E+00
   8.691196E+00 -2.008025E+00
   8.748040E+00 -2.007761E+00
   8.804884E+00 -2.007508E+00
   8.840706E+00 -2.007354E+00
   8.876529E+00 -2.007204E+00
   8.912351E+00 -2.007058E+00
   8.948174E+00 -2.006915E+00
   9.019819E+00 -2.006642E+00
   9.091464E+00 -2.006382E+00
   9.163109E+00 -2.006135E+00
   9.234754E+00 -2.005901E+00
   9.306399E+00 -2.005678E+00
   9.378044E+00 -2.005467E+00
   9.449689E+00 -2.005266E+00
   9.521334E+00 -2.005074E+00
   9.592979E+00 -2.004893E+00
   9.664624E+00 -2.004720E+00
   9.736269E+00 -2.004555E+00
   9.807914E+00 -2.004398E+00
   9.879559E+00 -2.004249E+00
   9.951204E+00 -2.004106E+00
   1.002285E+01 -2.003971E+00
   1.009449E+01 -2.003841E+00
   1.016614E+01 -2.003718E+00
   1.023778E+01 -2.003600E+00
   1.030943E+01 -2.003488E+00
   1.038107E+01 -2.003381E+00
   1.045272E+01 -2.003278E+00
   1.052436E+01 -2.003180E+00
   1.059601E+01 -2.003086E+00
   1.066765E+01 -2.002997E+00
   1.073930E+01 -2.002911E+00
   1.081094E+01 -2.002829E+00
   1.088259E+01 -2.002750E+00
   1.095423E+01 -2.002675E+00
   1.102588E+01 -2.002602E+00
   1.109752E+01 -2.002533E+00
   1.118783E+01 -2.002450E+00
   1.127813E+01 -2.002370E+00
   1.136843E+01 -2.002295E+00
   1.145873E+01 -2.002223E+00
   1.154903E+01 -2.002155E+00
   1.163933E+01 -2.002090E+00
   1.172963E+01 -2.002028E+00
   1.181993E+01 -2.001969E+00
   1.191023E+01 -2.001913E+00
   1.200053E+01 -2.001859E+00
   1.209083E+01 -2.001807E+00
   1.218113E+01 -2.001758E+00
   1.227143E+01 -2.001711E+00
   1.236173E+01 -2.001665E+00
   1.245203E+01 -2.001622E+00
   1.254233E+01 -2.001580E+00
   1.263263E+01 -2.001540E+00
   1.272293E+01 -2.001502E+00
   1.281323E+01 -2.001465E+00
   1.290353E+01 -2.001429E+00
   1.299383E+01 -2.001395E+00
   1.308413E+01 -2.001362E+00
   1.317443E+01 -2.001331E+00
   1.326473E+01 -2.001300E+00
   1.344533E+01 -2.001242E+00
   1.362593E+01 -2.001188E+00
   1.380653E+01 -2.001137E+00
   1.398713E+01 -2.001090E+00
   1.410094E+01 -2.001062E+00
   1.421476E+01 -2.001034E+00
   1.432857E+01 -2.001008E+00
   1.444238E+01 -2.000983E+00
   1.467001E+01 -2.000935E+00
   1.489763E+01 -2.000891E+00
   1.512526E+01 -2.000850E+00
   1.535288E+01 -2.000811E+00
   1.558051E+01 -2.000775E+00
   1.580814E+01 -2.000741E+00
   1.603576E+01 -2.000709E+00
   1.626339E+01 -2.000679E+00
   1.649101E+01 -2.000651E+00
   1.671864E+01 -2.000624E+00
   1.694626E+01 -2.000599E+00
   1.717389E+01 -2.000575E+00
   1.740152E+01 -2.000553E+00
   1.762914E+01 -2.000531E+00
   1.791604E+01 -2.000506E+00
   1.820293E+01 -2.000482E+00
   1.848983E+01 -2.000460E+00
   1.877672E+01 -2.000439E+00
   1.906362E+01 -2.000420E+00
   1.935051E+01 -2.000401E+00
   1.963741E+01 -2.000384E+00
   1.992430E+01 -2.000368E+00
   2.021120E+01 -2.000352E+00
   2.049810E+01 -2.000338E+00
   2.078499E+01 -2.000324E+00
   2.107189E+01 -2.000311E+00
   2.164568E+01 -2.000287E+00
   2.221947E+01 -2.000265E+00
   2.258107E+01 -2.000252E+00
   2.294266E+01 -2.000241E+00
   2.330426E+01 -2.000230E+00
   2.366586E+01 -2.000219E+00
   2.402746E+01 -2.000210E+00
   2.438906E+01 -2.000200E+00
   2.475066E+01 -2.000192E+00
   2.511225E+01 -2.000184E+00
   2.583545E+01 -2.000169E+00
   2.655865E+01 -2.000155E+00
   2.728184E+01 -2.000143E+00
   2.800504E+01 -2.000132E+00
   2.891654E+01 -2.000120E+00
   2.982805E+01 -2.000110E+00
   3.073955E+01 -2.000100E+00
   3.165106E+01 -2.000092E+00
   3.256256E+01 -2.000084E+00
   3.347406E+01 -2.000077E+00
   3.438557E+01 -2.000071E+00
   3.529707E+01 -2.000066E+00
   3.644592E+01 -2.000060E+00
   3.759476E+01 -2.000055E+00
   3.874361E+01 -2.000050E+00
   3.989245E+01 -2.000046E+00
   4.104130E+01 -2.000042E+00
   4.219014E+01 -2.000039E+00
   4.333898E+01 -2.000036E+00
   4.448783E+01 -2.000033E+00
   4.593581E+01 -2.000030E+00
   4.738380E+01 -2.000027E+00
   4.883178E+01 -2.000025E+00
   5.027976E+01 -2.000023E+00
   5.172775E+01 -2.000021E+00
   5.317573E+01 -2.000019E+00
   5.462372E+01 -2.000018E+00
   5.607170E+01 -2.000016E+00
   5.789671E+01 -2.000015E+00
   5.972173E+01 -2.000014E+00
   6.154674E+01 -2.000012E+00
   6.337176E+01 -2.000011E+00
   6.702178E+01 -2.000010E+00
   7.067181E+01 -2.000008E+00
   7.527225E+01 -2.000007E+00
   7.987268E+01 -2.000006E+00
   8.447311E+01 -2.000005E+00
   8.907355E+01 -2.000004E+00
   9.487185E+01 -2.000003E+00
   1.006702E+02 -2.000003E+00
   1.064685E+02 -2.000002E+00
   1.122668E+02 -2.000002E+00
   1.195749E+02 -2.000002E+00
   1.268830E+02 -2.000001E+00
   1.341910E+02 -2.000001E+00
   1.414991E+02 -2.000001E+00
   1.599211E+02 -2.000001E+00
   1.783431E+02 -2.000001E+00
   2.015618E+02 -2.000000E+00
   2.247806E+02 -2.000000E+00
   2.540451E+02 -2.000000E+00
   2.833096E+02 -2.000000E+00
   3.201941E+02 -2.000000E+00
   3.570786E+02 -2.000000E+00
   4.500558E+02 -2.000000E+00
   5.672426E+02 -2.000000E+00
   7.149429E+02 -2.000000E+00
   9.011018E+02 -2.000000E+00
   1.135733E+03 -2.000000E+00
   1.431459E+03 -2.000000E+00
   1.804186E+03 -2.000000E+00
   2.273966E+03 -2.000000E+00
   2.866068E+03 -2.000000E+00
   3.612343E+03 -2.000000E+00
   4.552935E+03 -2.000000E+00
   5.738442E+03 -2.000000E+00
   7.232634E+03 -2.000000E+00
   9.115888E+03 -2.000000E+00
   1.148951E+04 -2.000000E+00
   1.448118E+04 -2.000000E+00
   1.825183E+04 -2.000000E+00
   2.300430E+04 -2.000000E+00
   2.899423E+04 -2.000000E+00
   3.654383E+04 -2.000000E+00
   4.605922E+04 -2.000000E+00
   5.805226E+04 -2.000000E+00
   7.316807E+04 -2.000000E+00
   9.221979E+04 -2.000000E+00
   1.162322E+05 -2.000000E+00
   1.464971E+05 -2.000000E+00
   1.846425E+05 -2.000000E+00
   2.327202E+05 -2.000000E+00
   2.933166E+05 -2.000000E+00
   3.696913E+05 -2.000000E+00
   4.659526E+05 -2.000000E+00
   5.872787E+05 -2.000000E+00
   7.401960E+05 -2.000000E+00
   9.329304E+05 -2.000000E+00
   1.175850E+06 -2.000000E+00
   1.482021E+06 -2.000000E+00
   1.867914E+06 -2.000000E+00
   2.354286E+06 -2.000000E+00
   2.967302E+06 -2.000000E+00
   3.739937E+06 -2.000000E+00
   4.713753E+06 -2.000000E+00
   5.941134E+06 -2.000000E+00
   7.488104E+06 -2.000000E+00
   9.437878E+06 -2.000000E+00
   1.189534E+07 -2.000000E+00
   1.499268E+07 -2.000000E+00
   1.889652E+07 -2.000000E+00
   2.381686E+07 -2.000000E+00
   3.001836E+07 -2.000000E+00
   3.783463E+07 -2.000000E+00
   4.768612E+07 -2.000000E+00
   6.010277E+07 -2.000000E+00
   7.575250E+07 -2.000000E+00
   9.547716E+07 -2.000000E+00
   1.203378E+08 -2.000000E+00
   1.516717E+08 -2.000000E+00
   1.911644E+08 -2.000000E+00
   2.409404E+08 -2.000000E+00
   3.036771E+08 -2.000000E+00
   3.827494E+08 -2.000000E+00
   4.824109E+08 -2.000000E+00
   6.080224E+08 -2.000000E+00
   7.663411E+08 -2.000000E+00
   9.658832E+08 -2.000000E+00
   1.217383E+09 -2.000000E+00
   1.534368E+09 -2.000000E+00
   1.933892E+09 -2.000000E+00
   2.437444E+09 -2.000000E+00
   3.072113E+09 -2.000000E+00
   3.872039E+09 -2.000000E+00
   4.880252E+09 -2.000000E+00
   6.150986E+09 -2.000000E+00
   7.752597E+09 -2.000000E+00
   9.771242E+09 -2.000000E+00
   9.900990E+09 -2.000000E+00
   1.231551E+10 -2.000000E+00
   1.552225E+10 -2.000000E+00
   1.956398E+10 -2.000000E+00
   1.980198E+10 -2.000000E+00
   2.465811E+10 -2.000000E+00
   2.970297E+10 -2.000000E+00
   3.107866E+10 -2.000000E+00
   3.917101E+10 -2.000000E+00
   3.960396E+10 -2.000000E+00
   4.937048E+10 -2.000000E+00
   4.950495E+10 -2.000000E+00
   5.940594E+10 -2.000000E+00
   6.222571E+10 -2.000000E+00
   6.930693E+10 -2.000000E+00
   7.842822E+10 -2.000000E+00
   7.920792E+10 -2.000000E+00
   8.910891E+10 -2.000000E+00
   9.884959E+10 -2.000000E+00
   9.900990E+10 -2.000000E+00
   1.089109E+11 -2.000000E+00
   1.188119E+11 -2.000000E+00
   1.245883E+11 -2.000000E+00
   1.287129E+11 -2.000000E+00
   1.386139E+11 -2.000000E+00
   1.485149E+11 -2.000000E+00
   1.570290E+11 -2.000000E+00
   1.584158E+11 -2.000000E+00
   1.683168E+11 -2.000000E+00
   1.782178E+11 -2.000000E+00
   1.881188E+11 -2.000000E+00
   1.979167E+11 -2.000000E+00
   1.980198E+11 -2.000000E+00
   2.079208E+11 -2.000000E+00
   2.178218E+11 -2.000000E+00
   2.277228E+11 -2.000000E+00
   2.376238E+11 -2.000000E+00
   2.475248E+11 -2.000000E+00
   2.494508E+11 -2.000000E+00
   2.574257E+11 -2.000000E+00
   2.673267E+11 -2.000000E+00
   2.772277E+11 -2.000000E+00
   2.871287E+11 -2.000000E+00
   2.970297E+11 -2.000000E+00
   3.069307E+11 -2.000000E+00
   3.144035E+11 -2.000000E+00
   3.168317E+11 -2.000000E+00
   3.267327E+11 -2.000000E+00
   3.366337E+11 -2.000000E+00
   3.465347E+11 -2.000000E+00
   3.564356E+11 -2.000000E+00
   3.663366E+11 -2.000000E+00
   3.762376E+11 -2.000000E+00
   3.861386E+11 -2.000000E+00
   3.960396E+11 -2.000000E+00
   3.962689E+11 -2.000000E+00
   4.059406E+11 -2.000000E+00
   4.158416E+11 -2.000000E+00
   4.257426E+11 -2.000000E+00
   4.356436E+11 -2.000000E+00
   4.455446E+11 -2.000000E+00
   4.554455E+11 -2.000000E+00
   4.653465E+11 -2.000000E+00
   4.752475E+11 -2.000000E+00
   4.851485E+11 -2.000000E+00
   4.950495E+11 -2.000000E+00
   4.994505E+11 -2.000000E+00
   5.049505E+11 -2.000000E+00
   5.148515E+11 -2.000000E+00
   5.247525E+11 -2.000000E+00
   5.346535E+11 -2.000000E+00
   5.445545E+11 -2.000000E+00
   5.544554E+11 -2.000000E+00
   5.643564E+11 -2.000000E+00
   5.742574E+11 -2.000000E+00
   5.841584E+11 -2.000000E+00
   5.940594E+11 -2.000000E+00
   6.039604E+11 -2.000000E+00
   6.138614E+11 -2.000000E+00
   6.237624E+11 -2.000000E+00
   6.294989E+11 -2.000000E+00
   6.336634E+11 -2.000000E+00
   6.435644E+11 -2.000000E+00
   6.534653E+11 -2.000000E+00
   6.633663E+11 -2.000000E+00
   6.732673E+11 -2.000000E+00
   6.831683E+11 -2.000000E+00
   6.930693E+11 -2.000000E+00
   7.029703E+11 -2.000000E+00
   7.128713E+11 -2.000000E+00
   7.227723E+11 -2.000000E+00
   7.326733E+11 -2.000000E+00
   7.425743E+11 -2.000000E+00
   7.524752E+11 -2.000000E+00
   7.623762E+11 -2.000000E+00
   7.722772E+11 -2.000000E+00
   7.821782E+11 -2.000000E+00
   7.920792E+11 -2.000000E+00
   7.934097E+11 -2.000000E+00
   8.019802E+11 -2.000000E+00
   8.118812E+11 -2.000000E+00
   8.217822E+11 -2.000000E+00
   8.316832E+11 -2.000000E+00
   8.415842E+11 -2.000000E+00
   8.514851E+11 -2.000000E+00
   8.613861E+11 -2.000000E+00
   8.712871E+11 -2.000000E+00
   8.811881E+11 -2.000000E+00
   8.910891E+11 -2.000000E+00
   9.009901E+11 -2.000000E+00
   9.108911E+11 -2.000000E+00
   9.207921E+11 -2.000000E+00
   9.306931E+11 -2.000000E+00
   9.405941E+11 -2.000000E+00
   9.504950E+11 -2.000000E+00
   9.603960E+11 -2.000000E+00
   9.702970E+11 -2.000000E+00
   9.801980E+11 -2.000000E+00
   9.900990E+11 -2.000000E+00
   9.920792E+11 -2.000000E+00
   9.940594E+11 -2.000000E+00
   9.960396E+11 -2.000000E+00
   9.980198E+11 -2.000000E+00
   1.000000E+12 -2.000000E+00
